f1: 0.7346938775510203
precision: 0.631578947368421
recall: 0.8780487804878049
acc: 0.7570093457943925
