f1: 0.5559322033898305
precision: 0.38497652582159625
recall: 1.0
acc: 0.3878504672897196
