f1: 0.608695652173913
precision: 0.4410958904109589
recall: 0.9817073170731707
acc: 0.5163551401869159
