f1: 0.7667560321715818
precision: 0.6842105263157895
recall: 0.8719512195121951
acc: 0.7967289719626168
