f1: 0.7843137254901961
precision: 0.7253886010362695
recall: 0.8536585365853658
acc: 0.8200934579439252
