f1: 0.718204488778055
precision: 0.6075949367088608
recall: 0.8780487804878049
acc: 0.735981308411215
