f1: 0.6456692913385828
precision: 0.9111111111111111
recall: 0.5
acc: 0.7897196261682243
