f1: 0.7631578947368421
precision: 0.8285714285714286
recall: 0.7073170731707317
acc: 0.8317757009345794
