f1: 0.7626666666666667
precision: 0.6777251184834123
recall: 0.8719512195121951
acc: 0.7920560747663551
