f1: 0.6198830409356725
precision: 0.45558739255014324
recall: 0.9695121951219512
acc: 0.544392523364486
