f1: 0.8022922636103151
precision: 0.7567567567567568
recall: 0.8536585365853658
acc: 0.8387850467289719
