f1: 0.5988909426987061
precision: 0.4297082228116711
recall: 0.9878048780487805
acc: 0.4929906542056075
