f1: 0.18579234972677594
precision: 0.8947368421052632
recall: 0.10365853658536585
acc: 0.6518691588785047
