f1: 0.09302325581395349
precision: 1.0
recall: 0.04878048780487805
acc: 0.6355140186915887
