f1: 0.6956521739130435
precision: 0.8571428571428571
recall: 0.5853658536585366
acc: 0.8037383177570093
