f1: 0.6995515695067265
precision: 0.5531914893617021
recall: 0.9512195121951219
acc: 0.6869158878504673
