f1: 0.7000000000000001
precision: 0.8448275862068966
recall: 0.5975609756097561
acc: 0.8037383177570093
