f1: 0.7048054919908467
precision: 0.5641025641025641
recall: 0.9390243902439024
acc: 0.6985981308411215
