f1: 0.6716981132075471
precision: 0.8811881188118812
recall: 0.5426829268292683
acc: 0.7967289719626168
