f1: 0.6489795918367347
precision: 0.48773006134969327
recall: 0.9695121951219512
acc: 0.5981308411214953
