f1: 0.7506561679790027
precision: 0.6589861751152074
recall: 0.8719512195121951
acc: 0.7780373831775701
