f1: 0.6934306569343065
precision: 0.8636363636363636
recall: 0.5792682926829268
acc: 0.8037383177570093
