f1: 0.8071216617210684
precision: 0.7861271676300579
recall: 0.8292682926829268
acc: 0.8481308411214953
