f1: 0.5446808510638298
precision: 0.9014084507042254
recall: 0.3902439024390244
acc: 0.75
