f1: 0.23404255319148937
precision: 0.9166666666666666
recall: 0.13414634146341464
acc: 0.6635514018691588
