f1: 0.7734806629834253
precision: 0.7070707070707071
recall: 0.8536585365853658
acc: 0.8084112149532711
