f1: 0.8036809815950922
precision: 0.808641975308642
recall: 0.7987804878048781
acc: 0.8504672897196262
