f1: 0.5890909090909091
precision: 0.41968911917098445
recall: 0.9878048780487805
acc: 0.4719626168224299
