f1: 0.8057971014492754
precision: 0.7679558011049724
recall: 0.8475609756097561
acc: 0.8434579439252337
