f1: 0.6929824561403508
precision: 0.541095890410959
recall: 0.9634146341463414
acc: 0.6728971962616822
