f1: 0.7875
precision: 0.8076923076923077
recall: 0.7682926829268293
acc: 0.8411214953271028
