f1: 0.08187134502923978
precision: 1.0
recall: 0.042682926829268296
acc: 0.633177570093458
