f1: 0.732824427480916
precision: 0.62882096069869
recall: 0.8780487804878049
acc: 0.7546728971962616
