f1: 0.5508474576271186
precision: 0.9027777777777778
recall: 0.39634146341463417
acc: 0.7523364485981309
