f1: 0.5549915397631133
precision: 0.3840749414519906
recall: 1.0
acc: 0.3855140186915888
