f1: 0.5597269624573379
precision: 0.3886255924170616
recall: 1.0
acc: 0.397196261682243
