f1: 0.624
precision: 0.9069767441860465
recall: 0.47560975609756095
acc: 0.780373831775701
