f1: 0.5764499121265377
precision: 0.4049382716049383
recall: 1.0
acc: 0.4369158878504673
