f1: 0.6174757281553398
precision: 0.452991452991453
recall: 0.9695121951219512
acc: 0.5397196261682243
