f1: 0.744186046511628
precision: 0.6457399103139013
recall: 0.8780487804878049
acc: 0.7686915887850467
