f1: 0.7129186602870813
precision: 0.5866141732283464
recall: 0.9085365853658537
acc: 0.719626168224299
