f1: 0.7781350482315113
precision: 0.8231292517006803
recall: 0.7378048780487805
acc: 0.8387850467289719
