f1: 0.3147208121827411
precision: 0.9393939393939394
recall: 0.18902439024390244
acc: 0.6845794392523364
