f1: 0.6810344827586207
precision: 0.5266666666666666
recall: 0.9634146341463414
acc: 0.6542056074766355
