f1: 0.6991150442477876
precision: 0.5486111111111112
recall: 0.9634146341463414
acc: 0.6822429906542056
