f1: 0.6899563318777294
precision: 0.5374149659863946
recall: 0.9634146341463414
acc: 0.6682242990654206
