f1: 0.5578231292517007
precision: 0.3867924528301887
recall: 1.0
acc: 0.3925233644859813
