f1: 0.4423963133640552
precision: 0.9056603773584906
recall: 0.2926829268292683
acc: 0.7172897196261683
