f1: 0.8106508875739645
precision: 0.7873563218390804
recall: 0.8353658536585366
acc: 0.8504672897196262
