f1: 0.6052631578947368
precision: 0.4375
recall: 0.9817073170731707
acc: 0.5093457943925234
