f1: 0.7146401985111662
precision: 0.602510460251046
recall: 0.8780487804878049
acc: 0.7313084112149533
