f1: 0.6825053995680345
precision: 0.5284280936454849
recall: 0.9634146341463414
acc: 0.6565420560747663
