f1: 0.7372013651877133
precision: 0.8372093023255814
recall: 0.6585365853658537
acc: 0.8200934579439252
