f1: 0.588021778584392
precision: 0.4186046511627907
recall: 0.9878048780487805
acc: 0.4696261682242991
