f1: 0.6692015209125475
precision: 0.8888888888888888
recall: 0.5365853658536586
acc: 0.7967289719626168
