f1: 0.6150870406189555
precision: 0.45042492917847027
recall: 0.9695121951219512
acc: 0.5350467289719626
