f1: 0.15555555555555559
precision: 0.875
recall: 0.08536585365853659
acc: 0.6448598130841121
