f1: 0.8011527377521613
precision: 0.7595628415300546
recall: 0.8475609756097561
acc: 0.8387850467289719
