f1: 0.7859424920127795
precision: 0.825503355704698
recall: 0.75
acc: 0.8434579439252337
