f1: 0.7272727272727273
precision: 0.6206896551724138
recall: 0.8780487804878049
acc: 0.7476635514018691
