f1: 0.6398390342052314
precision: 0.4774774774774775
recall: 0.9695121951219512
acc: 0.5817757009345794
