f1: 0.7146282973621103
precision: 0.5889328063241107
recall: 0.9085365853658537
acc: 0.7219626168224299
