f1: 0.17582417582417584
precision: 0.8888888888888888
recall: 0.0975609756097561
acc: 0.6495327102803738
