f1: 0.7461139896373058
precision: 0.6486486486486487
recall: 0.8780487804878049
acc: 0.7710280373831776
