f1: 0.8011695906432749
precision: 0.7696629213483146
recall: 0.8353658536585366
acc: 0.8411214953271028
