f1: 0.766304347826087
precision: 0.6911764705882353
recall: 0.8597560975609756
acc: 0.7990654205607477
