f1: 0.6041275797373358
precision: 0.4363143631436314
recall: 0.9817073170731707
acc: 0.5070093457943925
