f1: 0.29743589743589743
precision: 0.9354838709677419
recall: 0.17682926829268292
acc: 0.6799065420560748
