f1: 0.7516778523489933
precision: 0.835820895522388
recall: 0.6829268292682927
acc: 0.8271028037383178
