f1: 0.21505376344086022
precision: 0.9090909090909091
recall: 0.12195121951219512
acc: 0.6588785046728972
