f1: 0.7809523809523811
precision: 0.8145695364238411
recall: 0.75
acc: 0.8387850467289719
