f1: 0.7574750830564784
precision: 0.8321167883211679
recall: 0.6951219512195121
acc: 0.8294392523364486
