f1: 0.7254408060453401
precision: 0.6180257510729614
recall: 0.8780487804878049
acc: 0.7453271028037384
