f1: 0.6723044397463002
precision: 0.5145631067961165
recall: 0.9695121951219512
acc: 0.6378504672897196
