f1: 0.8058823529411765
precision: 0.7784090909090909
recall: 0.8353658536585366
acc: 0.8457943925233645
