f1: 0.5825932504440497
precision: 0.41102756892230574
recall: 1.0
acc: 0.45093457943925236
