f1: 0.6372745490981964
precision: 0.4746268656716418
recall: 0.9695121951219512
acc: 0.5771028037383178
