f1: 0.7089201877934272
precision: 0.5763358778625954
recall: 0.9207317073170732
acc: 0.7102803738317757
