f1: 0.5704347826086957
precision: 0.39902676399026765
recall: 1.0
acc: 0.42289719626168226
