f1: 0.8034682080924854
precision: 0.7637362637362637
recall: 0.8475609756097561
acc: 0.8411214953271028
