f1: 0.7285223367697594
precision: 0.8346456692913385
recall: 0.6463414634146342
acc: 0.8154205607476636
