f1: 0.6235294117647059
precision: 0.4595375722543353
recall: 0.9695121951219512
acc: 0.5514018691588785
