f1: 0.6083650190114068
precision: 0.4419889502762431
recall: 0.975609756097561
acc: 0.5186915887850467
