f1: 0.7899686520376176
precision: 0.8129032258064516
recall: 0.7682926829268293
acc: 0.8434579439252337
