f1: 0.7692307692307692
precision: 0.7
recall: 0.8536585365853658
acc: 0.8037383177570093
