f1: 0.8012232415902141
precision: 0.803680981595092
recall: 0.7987804878048781
acc: 0.8481308411214953
