f1: 0.62109375
precision: 0.45689655172413796
recall: 0.9695121951219512
acc: 0.5467289719626168
