f1: 0.8104956268221576 C: 9 ,Threshold: 0.39469734867433715 , F1: 0.8104956268221576
precision: 1.0 C: 9 ,Threshold: 0.9769884942471235 , Precision: 1.0
recall: 1.0 C: 9 ,Threshold: 0.0 , Recall: 1.0
acc: 0.8504672897196262 C: 9 ,Threshold: 0.44822411205602797 , Accuracy: 0.8504672897196262
