f1: 0.7113163972286375
precision: 0.5724907063197026
recall: 0.9390243902439024
acc: 0.7079439252336449
