f1: 0.6625000000000001
precision: 0.5031645569620253
recall: 0.9695121951219512
acc: 0.6214953271028038
