f1: 0.5690376569037656
precision: 0.9066666666666666
recall: 0.4146341463414634
acc: 0.7593457943925234
