f1: 0.5923217550274222
precision: 0.42297650130548303
recall: 0.9878048780487805
acc: 0.47897196261682246
