f1: 0.4495412844036697
precision: 0.9074074074074074
recall: 0.29878048780487804
acc: 0.719626168224299
