f1: 0.6080305927342257
precision: 0.4428969359331476
recall: 0.9695121951219512
acc: 0.5210280373831776
