f1: 0.6884531590413944
precision: 0.535593220338983
recall: 0.9634146341463414
acc: 0.6658878504672897
