f1: 0.6978417266187049
precision: 0.8508771929824561
recall: 0.5914634146341463
acc: 0.8037383177570093
