f1: 0.7432432432432432
precision: 0.8333333333333334
recall: 0.6707317073170732
acc: 0.822429906542056
