f1: 0.7642276422764228
precision: 0.6878048780487804
recall: 0.8597560975609756
acc: 0.7967289719626168
