f1: 0.6979865771812082
precision: 0.5512367491166078
recall: 0.9512195121951219
acc: 0.6845794392523364
