f1: 0.6652719665271967
precision: 0.5063694267515924
recall: 0.9695121951219512
acc: 0.6261682242990654
