f1: 0.6611226611226612
precision: 0.501577287066246
recall: 0.9695121951219512
acc: 0.6191588785046729
