f1: 0.7365728900255756
precision: 0.6343612334801763
recall: 0.8780487804878049
acc: 0.7593457943925234
