f1: 0.7146171693735498
precision: 0.5767790262172284
recall: 0.9390243902439024
acc: 0.7126168224299065
