f1: 0.6960352422907489
precision: 0.5448275862068965
recall: 0.9634146341463414
acc: 0.677570093457944
