f1: 0.11428571428571428
precision: 0.9090909090909091
recall: 0.06097560975609756
acc: 0.6378504672897196
