f1: 0.7042253521126761
precision: 0.8333333333333334
recall: 0.6097560975609756
acc: 0.8037383177570093
