f1: 0.7031963470319634
precision: 0.5620437956204379
recall: 0.9390243902439024
acc: 0.6962616822429907
