f1: 0.4351851851851852
precision: 0.9038461538461539
recall: 0.2865853658536585
acc: 0.7149532710280374
