f1: 0.5645438898450946
precision: 0.3932853717026379
recall: 1.0
acc: 0.4088785046728972
