f1: 0.6349206349206349
precision: 0.9090909090909091
recall: 0.4878048780487805
acc: 0.7850467289719626
