f1: 0.7163461538461539
precision: 0.5912698412698413
recall: 0.9085365853658537
acc: 0.7242990654205608
