f1: 0.7218045112781956
precision: 0.6127659574468085
recall: 0.8780487804878049
acc: 0.7406542056074766
