f1: 0.6153846153846154
precision: 0.9156626506024096
recall: 0.4634146341463415
acc: 0.7780373831775701
