f1: 0.6450304259634888
precision: 0.48328267477203646
recall: 0.9695121951219512
acc: 0.5911214953271028
