f1: 0.6694736842105263
precision: 0.5112540192926045
recall: 0.9695121951219512
acc: 0.633177570093458
