f1: 0.5714285714285715
precision: 0.4
recall: 1.0
acc: 0.4252336448598131
