f1: 0.6411290322580645
precision: 0.4789156626506024
recall: 0.9695121951219512
acc: 0.5841121495327103
