f1: 0.5694444444444444
precision: 0.39805825242718446
recall: 1.0
acc: 0.4205607476635514
