f1: 0.5258620689655172
precision: 0.8970588235294118
recall: 0.3719512195121951
acc: 0.7429906542056075
