f1: 0.6996466431095406
precision: 0.8319327731092437
recall: 0.6036585365853658
acc: 0.8014018691588785
