f1: 0.8048780487804877
precision: 0.8048780487804879
recall: 0.8048780487804879
acc: 0.8504672897196262
