f1: 0.5858951175406872
precision: 0.41645244215938304
recall: 0.9878048780487805
acc: 0.4649532710280374
