f1: 0.563573883161512
precision: 0.3923444976076555
recall: 1.0
acc: 0.40654205607476634
