f1: 0.7799442896935934
precision: 0.717948717948718
recall: 0.8536585365853658
acc: 0.8154205607476636
