f1: 0.5774647887323945
precision: 0.40594059405940597
recall: 1.0
acc: 0.4392523364485981
