f1: 0.047619047619047616
precision: 1.0
recall: 0.024390243902439025
acc: 0.6261682242990654
