f1: 0.601113172541744
precision: 0.432
recall: 0.9878048780487805
acc: 0.4976635514018692
