f1: 0.7662337662337662
precision: 0.8194444444444444
recall: 0.7195121951219512
acc: 0.8317757009345794
