f1: 0.683982683982684
precision: 0.5302013422818792
recall: 0.9634146341463414
acc: 0.6588785046728972
