f1: 0.37073170731707317
precision: 0.926829268292683
recall: 0.23170731707317074
acc: 0.6985981308411215
