f1: 0.32160804020100503
precision: 0.9142857142857143
recall: 0.1951219512195122
acc: 0.6845794392523364
