f1: 0.782122905027933
precision: 0.7216494845360825
recall: 0.8536585365853658
acc: 0.8177570093457944
