f1: 0.4225352112676057
precision: 0.9183673469387755
recall: 0.27439024390243905
acc: 0.7126168224299065
