f1: 0.7486910994764399
precision: 0.6559633027522935
recall: 0.8719512195121951
acc: 0.7757009345794392
