f1: 0.7909604519774011
precision: 0.7368421052631579
recall: 0.8536585365853658
acc: 0.8271028037383178
