f1: 0.6854663774403471
precision: 0.531986531986532
recall: 0.9634146341463414
acc: 0.6612149532710281
