f1: 0.7108013937282229
precision: 0.8292682926829268
recall: 0.6219512195121951
acc: 0.8060747663551402
