f1: 0.8
precision: 0.7951807228915663
recall: 0.8048780487804879
acc: 0.8457943925233645
