f1: 0.6064030131826742
precision: 0.43869209809264303
recall: 0.9817073170731707
acc: 0.5116822429906542
