f1: 0.3131313131313131
precision: 0.9117647058823529
recall: 0.18902439024390244
acc: 0.6822429906542056
