f1: 0.32999999999999996
precision: 0.9166666666666666
recall: 0.20121951219512196
acc: 0.6869158878504673
