f1: 0.8023952095808382
precision: 0.788235294117647
recall: 0.8170731707317073
acc: 0.8457943925233645
