f1: 0.6424242424242423
precision: 0.48036253776435045
recall: 0.9695121951219512
acc: 0.5864485981308412
