f1: 0.6247544204322201
precision: 0.4608695652173913
recall: 0.9695121951219512
acc: 0.5537383177570093
