f1: 0.7654986522911051
precision: 0.6859903381642513
recall: 0.8658536585365854
acc: 0.7967289719626168
