f1: 0.7954545454545454
precision: 0.7446808510638298
recall: 0.8536585365853658
acc: 0.8317757009345794
