f1: 0.7848101265822786
precision: 0.8157894736842105
recall: 0.7560975609756098
acc: 0.8411214953271028
