f1: 0.38461538461538464
precision: 0.9090909090909091
recall: 0.24390243902439024
acc: 0.7009345794392523
