f1: 0.5857142857142857
precision: 0.41414141414141414
recall: 1.0
acc: 0.45794392523364486
