f1: 0.48000000000000004
precision: 0.8852459016393442
recall: 0.32926829268292684
acc: 0.7266355140186916
