f1: 0.5734265734265734
precision: 0.4019607843137255
recall: 1.0
acc: 0.42990654205607476
