f1: 0.7422680412371134
precision: 0.6428571428571429
recall: 0.8780487804878049
acc: 0.7663551401869159
