f1: 0.8081395348837209
precision: 0.7722222222222223
recall: 0.8475609756097561
acc: 0.8457943925233645
