f1: 0.6403162055335968
precision: 0.9101123595505618
recall: 0.49390243902439024
acc: 0.7873831775700935
