f1: 0.6098484848484849
precision: 0.4423076923076923
recall: 0.9817073170731707
acc: 0.5186915887850467
