f1: 0.27979274611398963
precision: 0.9310344827586207
recall: 0.16463414634146342
acc: 0.6752336448598131
