f1: 0.7149532710280374
precision: 0.5795454545454546
recall: 0.9329268292682927
acc: 0.7149532710280374
