f1: 0.6590038314176245
precision: 0.8865979381443299
recall: 0.524390243902439
acc: 0.7920560747663551
