f1: 0.8024316109422494
precision: 0.8
recall: 0.8048780487804879
acc: 0.8481308411214953
