f1: 0.7021276595744681
precision: 0.8389830508474576
recall: 0.6036585365853658
acc: 0.8037383177570093
