f1: 0.6840148698884759
precision: 0.8761904761904762
recall: 0.5609756097560976
acc: 0.8014018691588785
