f1: 0.7861635220125787
precision: 0.8116883116883117
recall: 0.7621951219512195
acc: 0.8411214953271028
