f1: 0.711943793911007
precision: 0.5779467680608364
recall: 0.926829268292683
acc: 0.7126168224299065
