f1: 0.6666666666666667
precision: 0.5079872204472844
recall: 0.9695121951219512
acc: 0.6285046728971962
