f1: 0.5065502183406114
precision: 0.8923076923076924
recall: 0.35365853658536583
acc: 0.735981308411215
