f1: 0.7003610108303249
precision: 0.8584070796460177
recall: 0.5914634146341463
acc: 0.8060747663551402
