f1: 0.6691729323308271
precision: 0.8725490196078431
recall: 0.5426829268292683
acc: 0.794392523364486
