f1: 0.7675675675675676
precision: 0.6893203883495146
recall: 0.8658536585365854
acc: 0.7990654205607477
