f1: 0.7647058823529411
precision: 0.823943661971831
recall: 0.7134146341463414
acc: 0.8317757009345794
