f1: 0.6186770428015563
precision: 0.4542857142857143
recall: 0.9695121951219512
acc: 0.5420560747663551
