f1: 0.7615894039735099
precision: 0.8333333333333334
recall: 0.7012195121951219
acc: 0.8317757009345794
