f1: 0.6563706563706564
precision: 0.8947368421052632
recall: 0.5182926829268293
acc: 0.7920560747663551
