f1: 0.7237163814180929
precision: 0.6040816326530613
recall: 0.9024390243902439
acc: 0.735981308411215
