f1: 0.5795053003533569
precision: 0.4079601990049751
recall: 1.0
acc: 0.4439252336448598
