f1: 0.7403598971722366
precision: 0.64
recall: 0.8780487804878049
acc: 0.764018691588785
