f1: 0.6615384615384615
precision: 0.8958333333333334
recall: 0.524390243902439
acc: 0.794392523364486
