f1: 0.5848375451263538
precision: 0.4153846153846154
recall: 0.9878048780487805
acc: 0.46261682242990654
