f1: 0.6516393442622952
precision: 0.49074074074074076
recall: 0.9695121951219512
acc: 0.602803738317757
