f1: 0.7474747474747475
precision: 0.8345864661654135
recall: 0.676829268292683
acc: 0.8247663551401869
