f1: 0.6097560975609756
precision: 0.9146341463414634
recall: 0.4573170731707317
acc: 0.7757009345794392
