f1: 0.7414965986394557
precision: 0.8384615384615385
recall: 0.6646341463414634
acc: 0.822429906542056
