f1: 0.6075471698113207
precision: 0.43989071038251365
recall: 0.9817073170731707
acc: 0.514018691588785
