f1: 0.7241379310344828
precision: 0.8333333333333334
recall: 0.6402439024390244
acc: 0.8130841121495327
