f1: 0.7087719298245614
precision: 0.8347107438016529
recall: 0.6158536585365854
acc: 0.8060747663551402
