f1: 0.6223091976516634
precision: 0.45821325648414984
recall: 0.9695121951219512
acc: 0.5490654205607477
