f1: 0.6503067484662578
precision: 0.48923076923076925
recall: 0.9695121951219512
acc: 0.6004672897196262
