f1: 0.49339207048458145
precision: 0.8888888888888888
recall: 0.34146341463414637
acc: 0.7313084112149533
