f1: 0.7925696594427245
precision: 0.8050314465408805
recall: 0.7804878048780488
acc: 0.8434579439252337
