f1: 0.7156398104265403
precision: 0.5852713178294574
recall: 0.9207317073170732
acc: 0.719626168224299
