f1: 0.7756232686980609
precision: 0.7106598984771574
recall: 0.8536585365853658
acc: 0.8107476635514018
