f1: 0.7200000000000001
precision: 0.6101694915254238
recall: 0.8780487804878049
acc: 0.7383177570093458
