f1: 0.12429378531073448
precision: 0.8461538461538461
recall: 0.06707317073170732
acc: 0.6378504672897196
