f1: 0.7932011331444758
precision: 0.7407407407407407
recall: 0.8536585365853658
acc: 0.8294392523364486
