f1: 0.5809128630705394
precision: 0.9090909090909091
recall: 0.4268292682926829
acc: 0.764018691588785
