f1: 0.7201946472019465
precision: 0.5991902834008097
recall: 0.9024390243902439
acc: 0.7313084112149533
