f1: 0.5784832451499118
precision: 0.40694789081885857
recall: 1.0
acc: 0.441588785046729
