f1: 0.7713498622589532
precision: 0.7035175879396985
recall: 0.8536585365853658
acc: 0.8060747663551402
