f1: 0.5606837606837607
precision: 0.38954869358669836
recall: 1.0
acc: 0.39953271028037385
