f1: 0.6040816326530613
precision: 0.9135802469135802
recall: 0.45121951219512196
acc: 0.7733644859813084
