f1: 0.7987987987987988
precision: 0.7869822485207101
recall: 0.8109756097560976
acc: 0.8434579439252337
