f1: 0.6129032258064516
precision: 0.9047619047619048
recall: 0.4634146341463415
acc: 0.7757009345794392
