f1: 0.4299065420560748
precision: 0.92
recall: 0.2804878048780488
acc: 0.7149532710280374
