f1: 0.4663677130044843
precision: 0.8813559322033898
recall: 0.3170731707317073
acc: 0.7219626168224299
