f1: 0.748051948051948
precision: 0.6515837104072398
recall: 0.8780487804878049
acc: 0.7733644859813084
