f1: 0.5664939550949913
precision: 0.39518072289156625
recall: 1.0
acc: 0.4135514018691589
