f1: 0.654320987654321
precision: 0.4937888198757764
recall: 0.9695121951219512
acc: 0.6074766355140186
