f1: 0.7566137566137567
precision: 0.6682242990654206
recall: 0.8719512195121951
acc: 0.7850467289719626
