f1: 0.7887323943661971
precision: 0.7329842931937173
recall: 0.8536585365853658
acc: 0.8247663551401869
