f1: 0.6347305389221557
precision: 0.47181008902077154
recall: 0.9695121951219512
acc: 0.572429906542056
