f1: 0.288659793814433
precision: 0.9333333333333333
recall: 0.17073170731707318
acc: 0.677570093457944
