f1: 0.4594594594594595
precision: 0.8793103448275862
recall: 0.31097560975609756
acc: 0.719626168224299
