f1: 0.7
precision: 0.5579710144927537
recall: 0.9390243902439024
acc: 0.6915887850467289
