f1: 0.5569620253164558
precision: 0.9041095890410958
recall: 0.4024390243902439
acc: 0.7546728971962616
