f1: 0.711111111111111
precision: 0.5975103734439834
recall: 0.8780487804878049
acc: 0.7266355140186916
