f1: 0.35467980295566504
precision: 0.9230769230769231
recall: 0.21951219512195122
acc: 0.6939252336448598
