f1: 0.5805309734513274
precision: 0.4089775561097257
recall: 1.0
acc: 0.4462616822429907
