f1: 0.6272189349112426
precision: 0.46355685131195334
recall: 0.9695121951219512
acc: 0.5584112149532711
