f1: 0.6638830897703548
precision: 0.5047619047619047
recall: 0.9695121951219512
acc: 0.6238317757009346
