f1: 0.6556701030927835
precision: 0.4953271028037383
recall: 0.9695121951219512
acc: 0.6098130841121495
