f1: 0.10404624277456646
precision: 1.0
recall: 0.054878048780487805
acc: 0.6378504672897196
