f1: 0.11363636363636363
precision: 0.8333333333333334
recall: 0.06097560975609756
acc: 0.6355140186915887
