f1: 0.7823343848580441
precision: 0.8104575163398693
recall: 0.7560975609756098
acc: 0.8387850467289719
