f1: 0.6914660831509847
precision: 0.5392491467576792
recall: 0.9634146341463414
acc: 0.6705607476635514
