f1: 0.6984126984126985
precision: 0.555956678700361
recall: 0.9390243902439024
acc: 0.6892523364485982
