f1: 0.25263157894736843
precision: 0.9230769230769231
recall: 0.14634146341463414
acc: 0.6682242990654206
