f1: 0.7777777777777778
precision: 0.7142857142857143
recall: 0.8536585365853658
acc: 0.8130841121495327
