f1: 0.7865168539325843
precision: 0.7291666666666666
recall: 0.8536585365853658
acc: 0.822429906542056
