f1: 0.6297029702970297
precision: 0.4662756598240469
recall: 0.9695121951219512
acc: 0.5630841121495327
