f1: 0.7129629629629629
precision: 0.5746268656716418
recall: 0.9390243902439024
acc: 0.7102803738317757
