f1: 0.7173396674584323
precision: 0.5875486381322957
recall: 0.9207317073170732
acc: 0.7219626168224299
