f1: 0.7834394904458599
precision: 0.82
recall: 0.75
acc: 0.8411214953271028
