f1: 0.6091954022988506
precision: 0.4441340782122905
recall: 0.9695121951219512
acc: 0.5233644859813084
