f1: 0.7152777777777778
precision: 0.8306451612903226
recall: 0.6280487804878049
acc: 0.8084112149532711
