f1: 0.5384615384615385
precision: 0.9
recall: 0.38414634146341464
acc: 0.7476635514018691
