f1: 0.7149758454106281
precision: 0.592
recall: 0.9024390243902439
acc: 0.7242990654205608
