f1: 0.7219512195121952
precision: 0.6016260162601627
recall: 0.9024390243902439
acc: 0.7336448598130841
