f1: 0.7650273224043715
precision: 0.693069306930693
recall: 0.8536585365853658
acc: 0.7990654205607477
