f1: 0.48672566371681425
precision: 0.8870967741935484
recall: 0.3353658536585366
acc: 0.7289719626168224
