f1: 0.6824034334763949
precision: 0.5264900662251656
recall: 0.9695121951219512
acc: 0.6542056074766355
