f1: 0.5806451612903226
precision: 0.41116751269035534
recall: 0.9878048780487805
acc: 0.4532710280373832
