f1: 0.7546174142480211
precision: 0.6651162790697674
recall: 0.8719512195121951
acc: 0.7827102803738317
