f1: 0.5194805194805194
precision: 0.8955223880597015
recall: 0.36585365853658536
acc: 0.7406542056074766
