f1: 0.6309523809523809
precision: 0.4676470588235294
recall: 0.9695121951219512
acc: 0.5654205607476636
