f1: 0.6809421841541756
precision: 0.5247524752475248
recall: 0.9695121951219512
acc: 0.6518691588785047
