f1: 0.7105882352941176
precision: 0.578544061302682
recall: 0.9207317073170732
acc: 0.7126168224299065
