f1: 0.7180722891566265
precision: 0.5936254980079682
recall: 0.9085365853658537
acc: 0.7266355140186916
