f1: 0.5836298932384342
precision: 0.4120603015075377
recall: 1.0
acc: 0.4532710280373832
