f1: 0.39234449760765555
precision: 0.9111111111111111
recall: 0.25
acc: 0.7032710280373832
