f1: 0.5655172413793104
precision: 0.3942307692307692
recall: 1.0
acc: 0.411214953271028
