f1: 0.7702265372168284
precision: 0.8206896551724138
recall: 0.725609756097561
acc: 0.8341121495327103
