f1: 0.7850467289719627
precision: 0.802547770700637
recall: 0.7682926829268293
acc: 0.8387850467289719
