f1: 0.5944954128440367
precision: 0.4251968503937008
recall: 0.9878048780487805
acc: 0.48364485981308414
