f1: 0.6888888888888889
precision: 0.8773584905660378
recall: 0.5670731707317073
acc: 0.8037383177570093
