f1: 0.8
precision: 0.7526881720430108
recall: 0.8536585365853658
acc: 0.8364485981308412
