f1: 0.6385542168674698
precision: 0.47604790419161674
recall: 0.9695121951219512
acc: 0.5794392523364486
