f1: 0.7328767123287672
precision: 0.8359375
recall: 0.6524390243902439
acc: 0.8177570093457944
