f1: 0.6529774127310061
precision: 0.49226006191950467
recall: 0.9695121951219512
acc: 0.6051401869158879
