f1: 0.5867768595041322
precision: 0.9102564102564102
recall: 0.4329268292682927
acc: 0.7663551401869159
