f1: 0.7590759075907589
precision: 0.8273381294964028
recall: 0.7012195121951219
acc: 0.8294392523364486
