f1: 0.7236180904522613
precision: 0.6153846153846154
recall: 0.8780487804878049
acc: 0.7429906542056075
