f1: 0.5587734241908007
precision: 0.3877068557919622
recall: 1.0
acc: 0.39485981308411217
