f1: 0.6095238095238095
precision: 0.44321329639889195
recall: 0.975609756097561
acc: 0.5210280373831776
