f1: 0.701123595505618
precision: 0.5551601423487544
recall: 0.9512195121951219
acc: 0.6892523364485982
