f1: 0.5684575389948007
precision: 0.39709443099273606
recall: 1.0
acc: 0.4182242990654206
