f1: 0.6680672268907563
precision: 0.5096153846153846
recall: 0.9695121951219512
acc: 0.6308411214953271
