f1: 0.6509803921568627
precision: 0.9120879120879121
recall: 0.5060975609756098
acc: 0.7920560747663551
