f1: 0.5321888412017168
precision: 0.8985507246376812
recall: 0.3780487804878049
acc: 0.7453271028037384
