f1: 0.7022222222222221
precision: 0.5524475524475524
recall: 0.9634146341463414
acc: 0.6869158878504673
