f1: 0.697508896797153
precision: 0.8376068376068376
recall: 0.5975609756097561
acc: 0.8014018691588785
