f1: 0.7291139240506328
precision: 0.6233766233766234
recall: 0.8780487804878049
acc: 0.75
