f1: 0.6741573033707865
precision: 0.8737864077669902
recall: 0.5487804878048781
acc: 0.7967289719626168
