f1: 0.5983606557377049
precision: 0.9125
recall: 0.4451219512195122
acc: 0.7710280373831776
