f1: 0.5925925925925926
precision: 0.9113924050632911
recall: 0.43902439024390244
acc: 0.7686915887850467
