f1: 0.8035190615835777
precision: 0.7740112994350282
recall: 0.8353658536585366
acc: 0.8434579439252337
