f1: 0.012121212121212121
precision: 1.0
recall: 0.006097560975609756
acc: 0.6191588785046729
