f1: 0.7586206896551725
precision: 0.6713615023474179
recall: 0.8719512195121951
acc: 0.7873831775700935
