f1: 0.05917159763313609
precision: 1.0
recall: 0.03048780487804878
acc: 0.6285046728971962
