f1: 0.024096385542168676
precision: 1.0
recall: 0.012195121951219513
acc: 0.6214953271028038
