f1: 0.6294820717131475
precision: 0.9080459770114943
recall: 0.4817073170731707
acc: 0.7827102803738317
