f1: 0.4615384615384615
precision: 0.8947368421052632
recall: 0.31097560975609756
acc: 0.7219626168224299
