f1: 0.1348314606741573
precision: 0.8571428571428571
recall: 0.07317073170731707
acc: 0.6401869158878505
