f1: 0.676595744680851
precision: 0.5196078431372549
recall: 0.9695121951219512
acc: 0.6448598130841121
