f1: 0.7132867132867133
precision: 0.8360655737704918
recall: 0.6219512195121951
acc: 0.8084112149532711
