f1: 0.7533333333333333
precision: 0.8308823529411765
recall: 0.6890243902439024
acc: 0.8271028037383178
