f1: 0.6911764705882353
precision: 0.8703703703703703
recall: 0.573170731707317
acc: 0.8037383177570093
