f1: 0.3786407766990291
precision: 0.9285714285714286
recall: 0.23780487804878048
acc: 0.7009345794392523
