f1: 0.6708860759493671
precision: 0.5129032258064516
recall: 0.9695121951219512
acc: 0.6355140186915887
