f1: 0.30612244897959184
precision: 0.9375
recall: 0.18292682926829268
acc: 0.6822429906542056
