f1: 0.6033519553072626
precision: 0.4343163538873995
recall: 0.9878048780487805
acc: 0.5023364485981309
