f1: 0.8012048192771085
precision: 0.7916666666666666
recall: 0.8109756097560976
acc: 0.8457943925233645
