f1: 0.6968325791855203
precision: 0.5539568345323741
recall: 0.9390243902439024
acc: 0.6869158878504673
