f1: 0.7190476190476189
precision: 0.58984375
recall: 0.9207317073170732
acc: 0.7242990654205608
