f1: 0.6103646833013436
precision: 0.44537815126050423
recall: 0.9695121951219512
acc: 0.5257009345794392
