f1: 0.6476578411405296
precision: 0.48623853211009177
recall: 0.9695121951219512
acc: 0.5957943925233645
