f1: 0.4999999999999999
precision: 0.890625
recall: 0.3475609756097561
acc: 0.7336448598130841
