f1: 0.4732142857142857
precision: 0.8833333333333333
recall: 0.3231707317073171
acc: 0.7242990654205608
