f1: 0.5130434782608696
precision: 0.8939393939393939
recall: 0.3597560975609756
acc: 0.7383177570093458
