f1: 0.7558528428093645
precision: 0.837037037037037
recall: 0.6890243902439024
acc: 0.8294392523364486
