f1: 0.5955882352941176
precision: 0.4263157894736842
recall: 0.9878048780487805
acc: 0.48598130841121495
