f1: 0.7184466019417476
precision: 0.5967741935483871
recall: 0.9024390243902439
acc: 0.7289719626168224
