f1: 0.7977207977207976
precision: 0.7486631016042781
recall: 0.8536585365853658
acc: 0.8341121495327103
