f1: 0.7384615384615384
precision: 0.6371681415929203
recall: 0.8780487804878049
acc: 0.7616822429906542
