f1: 0.767123287671233
precision: 0.6965174129353234
recall: 0.8536585365853658
acc: 0.8014018691588785
