f1: 0.427906976744186
precision: 0.9019607843137255
recall: 0.2804878048780488
acc: 0.7126168224299065
