f1: 0.7015945330296128
precision: 0.56
recall: 0.9390243902439024
acc: 0.6939252336448598
