f1: 0.6597510373443983
precision: 0.5
recall: 0.9695121951219512
acc: 0.616822429906542
