f1: 0.6437246963562754
precision: 0.4818181818181818
recall: 0.9695121951219512
acc: 0.5887850467289719
