f1: 0.7687296416938111
precision: 0.8251748251748252
recall: 0.7195121951219512
acc: 0.8341121495327103
