f1: 0.6945054945054945
precision: 0.5429553264604811
recall: 0.9634146341463414
acc: 0.6752336448598131
