f1: 0.8
precision: 0.8074534161490683
recall: 0.7926829268292683
acc: 0.8481308411214953
