f1: 0.8082595870206488
precision: 0.7828571428571428
recall: 0.8353658536585366
acc: 0.8481308411214953
