f1: 0.4566210045662101
precision: 0.9090909090909091
recall: 0.3048780487804878
acc: 0.7219626168224299
