f1: 0.7526315789473684
precision: 0.6620370370370371
recall: 0.8719512195121951
acc: 0.780373831775701
