f1: 0.1956521739130435
precision: 0.9
recall: 0.10975609756097561
acc: 0.6542056074766355
