f1: 0.6937269372693727
precision: 0.8785046728971962
recall: 0.573170731707317
acc: 0.8060747663551402
