f1: 0.6184738955823292
precision: 0.9058823529411765
recall: 0.4695121951219512
acc: 0.7780373831775701
