f1: 0.7499999999999999
precision: 0.6545454545454545
recall: 0.8780487804878049
acc: 0.7757009345794392
