f1: 0.7888198757763976
precision: 0.8037974683544303
recall: 0.774390243902439
acc: 0.8411214953271028
