f1: 0.7672131147540984
precision: 0.8297872340425532
recall: 0.7134146341463414
acc: 0.8341121495327103
