f1: 0.7820512820512819
precision: 0.8243243243243243
recall: 0.7439024390243902
acc: 0.8411214953271028
