f1: 0.5540540540540541
precision: 0.38317757009345793
recall: 1.0
acc: 0.38317757009345793
