f1: 0.6583850931677018
precision: 0.49843260188087773
recall: 0.9695121951219512
acc: 0.6144859813084113
