f1: 0.8059701492537313
precision: 0.7894736842105263
recall: 0.823170731707317
acc: 0.8481308411214953
