f1: 0.7139479905437351
precision: 0.583011583011583
recall: 0.9207317073170732
acc: 0.7172897196261683
