f1: 0.8106508875739645 C: 8.3022 ,Threshold: 0.39969984992496244 , F1: 0.8106508875739645
precision: 1.0 C: 8.3022 ,Threshold: 0.9769884942471235 , Precision: 1.0
recall: 1.0 C: 8.3022 ,Threshold: 0.0 , Recall: 1.0
acc: 0.8504672897196262 C: 8.3022 ,Threshold: 0.39969984992496244 , Accuracy: 0.8504672897196262
