F1: 0.6680761099365751
F1_C: 32768
F1_Gamma: 0.001953125
Acc: 0.6355140186915887
Acc_C: 4096
Acc_Gamma: 0.0625
Prec: 0.5134228187919463
Prec_C: 4096
Prec_Gamma: 0.0625
Rec: 1.0
Rec_C: 0.03125
Rec_G: 3.0517578125e-05
