F1: 0.7717041800643086
F1_C: 4096
F1_Gamma: 0.00048828125
Acc: 0.8341121495327103
Acc_C: 4096
Acc_Gamma: 0.00048828125
Prec: 1.0
Prec_C: 0.125
Prec_Gamma: 8
Rec: 0.7621951219512195
Rec_C: 0.125
Rec_G: 0.0625
