F1: 0.8023255813953488
F1_C: 0.03125
F1_Gamma: 0.0625
Acc: 0.8411214953271028
Acc_C: 0.03125
Acc_Gamma: 0.0625
Prec: 0.7777777777777778
Prec_C: 0.03125
Prec_Gamma: 0.0009765625
Rec: 0.9878048780487805
Rec_C: 0.25
Rec_G: 8
