F1: 0.7788161993769471
F1_C: 0.125
F1_Gamma: 0.03125
Acc: 0.8364485981308412
Acc_C: 4
Acc_Gamma: 0.0009765625
Prec: 0.8666666666666667
Prec_C: 0.125
Prec_Gamma: 8
Rec: 0.7621951219512195
Rec_C: 0.03125
Rec_G: 0.125
