F1: 0.7953890489913544
F1_C: 1
F1_Gamma: 0.5
Acc: 0.8341121495327103
Acc_C: 1
Acc_Gamma: 0.5
Prec: 0.7777777777777778
Prec_C: 0.03125
Prec_Gamma: 0.00390625
Rec: 0.9512195121951219
Rec_C: 0.5
Rec_G: 8
