F1: 0.6901408450704226
F1_C: 128
F1_Gamma: 0.00390625
Acc: 0.794392523364486
Acc_C: 128
Acc_Gamma: 0.00390625
Prec: 1.0
Prec_C: 0.03125
Prec_Gamma: 4
Rec: 0.5975609756097561
Rec_C: 128
Rec_G: 0.00390625
