F1: 0.4636363636363636
F1_C: 32768
F1_Gamma: 0.0009765625
Acc: 0.7242990654205608
Acc_C: 32768
Acc_Gamma: 0.0009765625
Prec: 1.0
Prec_C: 0.25
Prec_Gamma: 8
Rec: 0.3353658536585366
Rec_C: 16384
Rec_G: 0.25
