F1: 0.7574750830564784
F1_C: 2
F1_Gamma: 0.0078125
Acc: 0.8294392523364486
Acc_C: 2
Acc_Gamma: 0.0078125
Prec: 1.0
Prec_C: 0.125
Prec_Gamma: 8
Rec: 0.75
Rec_C: 2
Rec_G: 0.03125
