F1: 0.7612903225806452
F1_C: 8192
F1_Gamma: 0.00048828125
Acc: 0.8271028037383178
Acc_C: 8192
Acc_Gamma: 0.00048828125
Prec: 1.0
Prec_C: 0.03125
Prec_Gamma: 4
Rec: 0.75
Rec_C: 8
Rec_G: 0.015625
