F1: 0.7988505747126436
F1_C: 1
F1_Gamma: 0.5
Acc: 0.8364485981308412
Acc_C: 1
Acc_Gamma: 0.5
Prec: 0.7894736842105263
Prec_C: 0.0625
Prec_Gamma: 0.001953125
Rec: 0.9512195121951219
Rec_C: 0.5
Rec_G: 8
