F1: 0.4495412844036697
F1_C: 1
F1_Gamma: 0.5
Acc: 0.719626168224299
Acc_C: 1
Acc_Gamma: 0.5
Prec: 1.0
Prec_C: 0.25
Prec_Gamma: 8
Rec: 0.32926829268292684
Rec_C: 16384
Rec_G: 0.25
