F1: 0.6952595936794581
F1_C: 32768
F1_Gamma: 0.001953125
Acc: 0.6845794392523364
Acc_C: 32768
Acc_Gamma: 0.001953125
Prec: 0.5519713261648745
Prec_C: 32768
Prec_Gamma: 0.001953125
Rec: 1.0
Rec_C: 0.03125
Rec_G: 3.0517578125e-05
