F1: 0.7697160883280757
F1_C: 1
F1_Gamma: 0.015625
Acc: 0.8341121495327103
Acc_C: 32768
Acc_Gamma: 0.000244140625
Prec: 1.0
Prec_C: 0.125
Prec_Gamma: 8
Rec: 0.75
Rec_C: 0.5
Rec_G: 0.0625
