F1: 0.7777777777777778
F1_C: 0.25
F1_Gamma: 2
Acc: 0.8247663551401869
Acc_C: 128
Acc_Gamma: 0.125
Prec: 1.0
Prec_C: 0.03125
Prec_Gamma: 8
Rec: 0.8719512195121951
Rec_C: 0.5
Rec_G: 8
