F1: 0.7917888563049854
F1_C: 1
F1_Gamma: 0.5
Acc: 0.8341121495327103
Acc_C: 1
Acc_Gamma: 0.5
Prec: 0.8333333333333334
Prec_C: 0.03125
Prec_Gamma: 8
Rec: 0.926829268292683
Rec_C: 32
Rec_G: 8
