F1: 0.7692307692307692
F1_C: 1
F1_Gamma: 1
Acc: 0.8247663551401869
Acc_C: 1
Acc_Gamma: 1
Prec: 1.0
Prec_C: 0.03125
Prec_Gamma: 0.0078125
Rec: 0.774390243902439
Rec_C: 1
Rec_G: 8
