F1: 0.7771084337349399
F1_C: 32
F1_Gamma: 0.25
Acc: 0.8271028037383178
Acc_C: 32
Acc_Gamma: 0.25
Prec: 0.8095238095238095
Prec_C: 0.0625
Prec_Gamma: 8
Rec: 0.8475609756097561
Rec_C: 1
Rec_G: 8
