F1: 0.7781350482315113
F1_C: 4
F1_Gamma: 0.0001220703125
Acc: 0.8387850467289719
Acc_C: 4
Acc_Gamma: 0.0001220703125
Prec: 0.8823529411764706
Prec_C: 0.0625
Prec_Gamma: 8
Rec: 0.7804878048780488
Rec_C: 0.5
Rec_G: 8
