F1: 0.7977207977207976
F1_C: 2
F1_Gamma: 0.0625
Acc: 0.8364485981308412
Acc_C: 1
Acc_Gamma: 0.0625
Prec: 0.7777777777777778
Prec_C: 0.03125
Prec_Gamma: 0.00048828125
Rec: 0.9878048780487805
Rec_C: 0.125
Rec_G: 8
