F1: 0.8045325779036827
F1_C: 32
F1_Gamma: 0.125
Acc: 0.8387850467289719
Acc_C: 32
Acc_Gamma: 0.125
Prec: 0.7777777777777778
Prec_C: 0.03125
Prec_Gamma: 0.001953125
Rec: 0.9573170731707317
Rec_C: 32
Rec_G: 8
