F1: 0.6997742663656885
F1_C: 32768
F1_Gamma: 0.0078125
Acc: 0.6892523364485982
Acc_C: 32768
Acc_Gamma: 0.001953125
Prec: 0.5563636363636364
Prec_C: 32768
Prec_Gamma: 0.001953125
Rec: 1.0
Rec_C: 0.03125
Rec_G: 3.0517578125e-05
