F1: 0.7725856697819315
F1_C: 16384
F1_Gamma: 0.000244140625
Acc: 0.8341121495327103
Acc_C: 16384
Acc_Gamma: 3.0517578125e-05
Prec: 0.9230769230769231
Prec_C: 0.125
Prec_Gamma: 8
Rec: 0.7621951219512195
Rec_C: 0.0625
Rec_G: 0.125
