F1: 0.7894736842105262
F1_C: 1
F1_Gamma: 0.5
Acc: 0.8317757009345794
Acc_C: 1
Acc_Gamma: 0.5
Prec: 0.8095238095238095
Prec_C: 0.03125
Prec_Gamma: 8
Rec: 0.926829268292683
Rec_C: 0.5
Rec_G: 8
