F1: 0.47058823529411764
F1_C: 4
F1_Gamma: 0.25
Acc: 0.7266355140186916
Acc_C: 4
Acc_Gamma: 0.25
Prec: 1.0
Prec_C: 0.03125
Prec_Gamma: 0.03125
Rec: 0.3475609756097561
Rec_C: 16384
Rec_G: 0.25
