F1: 0.5240174672489083
F1_C: 32768
F1_Gamma: 0.0009765625
Acc: 0.7453271028037384
Acc_C: 32768
Acc_Gamma: 0.0009765625
Prec: 1.0
Prec_C: 0.03125
Prec_Gamma: 0.03125
Rec: 0.36585365853658536
Rec_C: 16
Rec_G: 0.125
