F1: 0.7735849056603773
F1_C: 2
F1_Gamma: 0.015625
Acc: 0.8364485981308412
Acc_C: 1024
Acc_Gamma: 0.0009765625
Prec: 1.0
Prec_C: 0.125
Prec_Gamma: 8
Rec: 0.7621951219512195
Rec_C: 0.25
Rec_G: 0.03125
