F1: 0.4482758620689655
F1_C: 8192
F1_Gamma: 0.25
Acc: 0.7009345794392523
Acc_C: 8192
Acc_Gamma: 0.25
Prec: 1.0
Prec_C: 0.03125
Prec_Gamma: 1
Rec: 0.3170731707317073
Rec_C: 8192
Rec_G: 0.25
