F1: 0.778481012658228
F1_C: 4
F1_Gamma: 0.0001220703125
Acc: 0.8364485981308412
Acc_C: 0.5
Acc_Gamma: 0.0009765625
Prec: 0.8888888888888888
Prec_C: 0.0625
Prec_Gamma: 8
Rec: 0.7804878048780488
Rec_C: 0.5
Rec_G: 8
