F1: 0.504424778761062
F1_C: 32768
F1_Gamma: 0.0009765625
Acc: 0.7383177570093458
Acc_C: 32768
Acc_Gamma: 0.0009765625
Prec: 1.0
Prec_C: 0.03125
Prec_Gamma: 0.03125
Rec: 0.35365853658536583
Rec_C: 16384
Rec_G: 0.25
