F1: 0.46846846846846846
F1_C: 1
F1_Gamma: 0.5
Acc: 0.7242990654205608
Acc_C: 1
Acc_Gamma: 0.5
Prec: 1.0
Prec_C: 0.03125
Prec_Gamma: 0.03125
Rec: 0.3475609756097561
Rec_C: 16384
Rec_G: 0.25
