F1: 0.7725856697819315
F1_C: 16384
F1_Gamma: 0.000244140625
Acc: 0.8294392523364486
Acc_C: 8
Acc_Gamma: 0.0078125
Prec: 0.9230769230769231
Prec_C: 0.125
Prec_Gamma: 8
Rec: 0.7621951219512195
Rec_C: 0.125
Rec_G: 0.0625
