F1: 0.7682119205298014
F1_C: 1
F1_Gamma: 0.0078125
Acc: 0.8364485981308412
Acc_C: 1
Acc_Gamma: 0.0078125
Prec: 1.0
Prec_C: 0.125
Prec_Gamma: 8
Rec: 0.75
Rec_C: 0.5
Rec_G: 0.0625
