F1: 0.6929824561403508
F1_C: 32768
F1_Gamma: 0.0001220703125
Acc: 0.6728971962616822
Acc_C: 32768
Acc_Gamma: 0.0001220703125
Prec: 0.541095890410959
Prec_C: 32768
Prec_Gamma: 0.0001220703125
Rec: 1.0
Rec_C: 0.03125
Rec_G: 3.0517578125e-05
