F1: 0.7463414634146341
F1_C: 32768
F1_Gamma: 6.103515625e-05
Acc: 0.7570093457943925
Acc_C: 32768
Acc_Gamma: 6.103515625e-05
Prec: 0.6219512195121951
Prec_C: 32768
Prec_Gamma: 6.103515625e-05
Rec: 1.0
Rec_C: 0.03125
Rec_G: 3.0517578125e-05
