F1: 0.7965116279069766
F1_C: 2
F1_Gamma: 0.03125
Acc: 0.8364485981308412
Acc_C: 2
Acc_Gamma: 0.03125
Prec: 0.7894736842105263
Prec_C: 0.03125
Prec_Gamma: 0.00048828125
Rec: 0.9878048780487805
Rec_C: 0.0625
Rec_G: 8
