F1: 0.7621951219512195
F1_C: 32768
F1_Gamma: 3.0517578125e-05
Acc: 0.8177570093457944
Acc_C: 4
Acc_Gamma: 0.5
Prec: 1.0
Prec_C: 0.0625
Prec_Gamma: 8
Rec: 0.7621951219512195
Rec_C: 0.03125
Rec_G: 0.0625
