F1: 0.7439613526570048
F1_C: 32768
F1_Gamma: 6.103515625e-05
Acc: 0.7523364485981309
Acc_C: 32768
Acc_Gamma: 6.103515625e-05
Prec: 0.616
Prec_C: 32768
Prec_Gamma: 6.103515625e-05
Rec: 1.0
Rec_C: 0.03125
Rec_G: 3.0517578125e-05
