F1: 0.6391752577319588
F1_C: 512
F1_Gamma: 0.125
Acc: 0.5911214953271028
Acc_C: 512
Acc_Gamma: 0.125
Prec: 0.48286604361370716
Prec_C: 512
Prec_Gamma: 0.125
Rec: 1.0
Rec_C: 0.03125
Rec_G: 3.0517578125e-05
