F1: 0.7788161993769471
F1_C: 0.5
F1_Gamma: 0.0078125
Acc: 0.8341121495327103
Acc_C: 0.5
Acc_Gamma: 0.0078125
Prec: 0.875
Prec_C: 0.03125
Prec_Gamma: 0.0625
Rec: 0.7621951219512195
Rec_C: 0.03125
Rec_G: 0.125
