F1: 0.778481012658228
F1_C: 1
F1_Gamma: 0.00390625
Acc: 0.8364485981308412
Acc_C: 1
Acc_Gamma: 0.00390625
Prec: 0.8627450980392157
Prec_C: 32768
Prec_Gamma: 3.0517578125e-05
Rec: 0.7621951219512195
Rec_C: 0.0625
Rec_G: 0.125
