F1: 0.7977839335180056
F1_C: 0.25
F1_Gamma: 0.25
Acc: 0.8364485981308412
Acc_C: 0.25
Acc_Gamma: 0.125
Prec: 0.7894736842105263
Prec_C: 0.03125
Prec_Gamma: 0.0009765625
Rec: 0.9878048780487805
Rec_C: 0.125
Rec_G: 8
