F1: 0.7741935483870969
F1_C: 0.5
F1_Gamma: 4
Acc: 0.8247663551401869
Acc_C: 32
Acc_Gamma: 0.25
Prec: 0.8275862068965517
Prec_C: 0.0625
Prec_Gamma: 8
Rec: 0.823170731707317
Rec_C: 0.5
Rec_G: 8
