F1: 0.7885714285714285
F1_C: 0.5
F1_Gamma: 1
Acc: 0.8294392523364486
Acc_C: 1
Acc_Gamma: 0.5
Prec: 0.8333333333333334
Prec_C: 0.03125
Prec_Gamma: 8
Rec: 0.926829268292683
Rec_C: 32
Rec_G: 8
