F1: 0.7774294670846396
F1_C: 0.25
F1_Gamma: 0.015625
Acc: 0.8341121495327103
Acc_C: 0.25
Acc_Gamma: 0.015625
Prec: 0.8709677419354839
Prec_C: 0.25
Prec_Gamma: 8
Rec: 0.7621951219512195
Rec_C: 0.03125
Rec_G: 0.125
