F1: 0.764525993883792
F1_C: 32768
F1_Gamma: 3.0517578125e-05
Acc: 0.8200934579439252
Acc_C: 32768
Acc_Gamma: 3.0517578125e-05
Prec: 1.0
Prec_C: 0.0625
Prec_Gamma: 8
Rec: 0.7621951219512195
Rec_C: 0.03125
Rec_G: 0.0625
