F1: 0.7678018575851393
F1_C: 32768
F1_Gamma: 3.0517578125e-05
Acc: 0.8247663551401869
Acc_C: 0.0625
Acc_Gamma: 0.03125
Prec: 0.825
Prec_C: 1
Prec_Gamma: 0.001953125
Rec: 0.7621951219512195
Rec_C: 0.03125
Rec_G: 0.0625
