F1: 0.6516393442622952
F1_C: 32768
F1_Gamma: 0.0001220703125
Acc: 0.6098130841121495
Acc_C: 512
Acc_Gamma: 0.125
Prec: 0.4952076677316294
Prec_C: 512
Prec_Gamma: 0.125
Rec: 1.0
Rec_C: 0.03125
Rec_G: 3.0517578125e-05
