F1: 0.7820512820512819
F1_C: 1
F1_Gamma: 0.001953125
Acc: 0.8411214953271028
Acc_C: 1
Acc_Gamma: 0.001953125
Prec: 0.8289473684210527
Prec_C: 0.25
Prec_Gamma: 8
Rec: 0.7621951219512195
Rec_C: 0.03125
Rec_G: 0.0625
