F1: 0.7756410256410255
F1_C: 4
F1_Gamma: 0.015625
Acc: 0.8364485981308412
Acc_C: 4
Acc_Gamma: 0.015625
Prec: 1.0
Prec_C: 0.125
Prec_Gamma: 8
Rec: 0.7560975609756098
Rec_C: 1
Rec_G: 0.015625
