F1: 0.7692307692307694
F1_C: 64
F1_Gamma: 0.000244140625
Acc: 0.8317757009345794
Acc_C: 16
Acc_Gamma: 0.00048828125
Prec: 1.0
Prec_C: 0.125
Prec_Gamma: 8
Rec: 0.75
Rec_C: 0.5
Rec_G: 0.0625
