F1: 0.7682926829268293
F1_C: 64
F1_Gamma: 0.25
Acc: 0.822429906542056
Acc_C: 8
Acc_Gamma: 0.5
Prec: 0.8571428571428571
Prec_C: 0.0625
Prec_Gamma: 8
Rec: 0.8048780487804879
Rec_C: 2
Rec_G: 8
