F1: 0.640495867768595
F1_C: 512
F1_Gamma: 0.125
Acc: 0.5934579439252337
Acc_C: 512
Acc_Gamma: 0.125
Prec: 0.484375
Prec_C: 512
Prec_Gamma: 0.125
Rec: 1.0
Rec_C: 0.03125
Rec_G: 3.0517578125e-05
