F1: 0.7579617834394904
F1_C: 8192
F1_Gamma: 0.0009765625
Acc: 0.822429906542056
Acc_C: 64
Acc_Gamma: 0.015625
Prec: 1.0
Prec_C: 0.03125
Prec_Gamma: 4
Rec: 0.75
Rec_C: 2
Rec_G: 0.03125
