F1: 0.761904761904762
F1_C: 2048
F1_Gamma: 0.001953125
Acc: 0.8247663551401869
Acc_C: 2048
Acc_Gamma: 0.001953125
Prec: 1.0
Prec_C: 0.03125
Prec_Gamma: 4
Rec: 0.75
Rec_C: 8
Rec_G: 0.015625
