F1: 0.7701863354037267
F1_C: 2
F1_Gamma: 0.015625
Acc: 0.8317757009345794
Acc_C: 16384
Acc_Gamma: 0.000244140625
Prec: 1.0
Prec_C: 0.125
Prec_Gamma: 8
Rec: 0.7621951219512195
Rec_C: 0.125
Rec_G: 0.0625
