F1: 0.6352459016393444
F1_C: 512
F1_Gamma: 0.125
Acc: 0.5841121495327103
Acc_C: 512
Acc_Gamma: 0.125
Prec: 0.4783950617283951
Prec_C: 512
Prec_Gamma: 0.125
Rec: 1.0
Rec_C: 0.03125
Rec_G: 3.0517578125e-05
