F1: 0.7624999999999998
F1_C: 1
F1_Gamma: 1
Acc: 0.822429906542056
Acc_C: 1
Acc_Gamma: 1
Prec: 0.9230769230769231
Prec_C: 0.0625
Prec_Gamma: 8
Rec: 0.7621951219512195
Rec_C: 0.03125
Rec_G: 0.03125
