F1: 0.7692307692307692
F1_C: 32768
F1_Gamma: 0.0001220703125
Acc: 0.8247663551401869
Acc_C: 32768
Acc_Gamma: 0.0001220703125
Prec: 0.8928571428571429
Prec_C: 0.03125
Prec_Gamma: 0.0625
Rec: 0.7621951219512195
Rec_C: 0.03125
Rec_G: 0.125
