F1: 0.7905604719764012
F1_C: 0.0625
F1_Gamma: 0.0009765625
Acc: 0.8341121495327103
Acc_C: 0.0625
Acc_Gamma: 0.0009765625
Prec: 0.7777777777777778
Prec_C: 0.03125
Prec_Gamma: 6.103515625e-05
Rec: 0.9878048780487805
Rec_C: 0.03125
Rec_G: 8
