F1: 0.8022598870056497
F1_C: 1
F1_Gamma: 0.125
Acc: 0.8364485981308412
Acc_C: 0.125
Acc_Gamma: 0.125
Prec: 0.9166666666666666
Prec_C: 1
Prec_Gamma: 3.0517578125e-05
Rec: 0.9878048780487805
Rec_C: 0.125
Rec_G: 8
