F1: 0.7976539589442815
F1_C: 32768
F1_Gamma: 6.103515625e-05
Acc: 0.8387850467289719
Acc_C: 32768
Acc_Gamma: 6.103515625e-05
Prec: 0.7777777777777778
Prec_C: 0.03125
Prec_Gamma: 0.00390625
Rec: 0.9390243902439024
Rec_C: 0.5
Rec_G: 8
