F1: 0.7756410256410255
F1_C: 512
F1_Gamma: 0.0009765625
Acc: 0.8364485981308412
Acc_C: 512
Acc_Gamma: 0.0009765625
Prec: 1.0
Prec_C: 0.25
Prec_Gamma: 0.001953125
Rec: 0.7621951219512195
Rec_C: 0.0625
Rec_G: 0.125
