F1: 0.7678018575851393
F1_C: 32768
F1_Gamma: 3.0517578125e-05
Acc: 0.8271028037383178
Acc_C: 0.0625
Acc_Gamma: 0.03125
Prec: 0.8333333333333334
Prec_C: 0.125
Prec_Gamma: 8
Rec: 0.7621951219512195
Rec_C: 0.03125
Rec_G: 0.0625
