F1: 0.7887323943661971
F1_C: 2
F1_Gamma: 1
Acc: 0.8294392523364486
Acc_C: 4
Acc_Gamma: 0.5
Prec: 0.8571428571428571
Prec_C: 0.03125
Prec_Gamma: 8
Rec: 0.9207317073170732
Rec_C: 1
Rec_G: 8
