F1: 0.4510638297872341
F1_C: 8192
F1_Gamma: 0.25
Acc: 0.7126168224299065
Acc_C: 1
Acc_Gamma: 0.5
Prec: 1.0
Prec_C: 0.25
Prec_Gamma: 8
Rec: 0.32926829268292684
Rec_C: 16384
Rec_G: 0.25
