F1: 0.7077625570776257
F1_C: 32768
F1_Gamma: 0.0001220703125
Acc: 0.7009345794392523
Acc_C: 32768
Acc_Gamma: 0.0001220703125
Prec: 0.5656934306569343
Prec_C: 32768
Prec_Gamma: 0.0001220703125
Rec: 1.0
Rec_C: 0.03125
Rec_G: 3.0517578125e-05
