F1: 0.6855123674911661
F1_C: 128
F1_Gamma: 0.00390625
Acc: 0.794392523364486
Acc_C: 1024
Acc_Gamma: 0.001953125
Prec: 1.0
Prec_C: 0.03125
Prec_Gamma: 4
Rec: 0.5914634146341463
Rec_C: 128
Rec_G: 0.00390625
