F1: 0.7774294670846396
F1_C: 0.25
F1_Gamma: 0.03125
Acc: 0.8364485981308412
Acc_C: 4
Acc_Gamma: 0.015625
Prec: 1.0
Prec_C: 0.125
Prec_Gamma: 8
Rec: 0.7560975609756098
Rec_C: 0.25
Rec_G: 0.03125
