F1: 0.7781350482315113
F1_C: 1
F1_Gamma: 0.00390625
Acc: 0.8387850467289719
Acc_C: 1
Acc_Gamma: 0.00390625
Prec: 1.0
Prec_C: 0.03125
Prec_Gamma: 0.015625
Rec: 0.7621951219512195
Rec_C: 0.0625
Rec_G: 0.125
