F1: 0.7172413793103449
F1_C: 128
F1_Gamma: 0.00390625
Acc: 0.8084112149532711
Acc_C: 128
Acc_Gamma: 0.00390625
Prec: 1.0
Prec_C: 0.03125
Prec_Gamma: 4
Rec: 0.6341463414634146
Rec_C: 128
Rec_G: 0.00390625
