F1: 0.7988668555240793
F1_C: 4
F1_Gamma: 0.125
Acc: 0.8387850467289719
Acc_C: 0.03125
Acc_Gamma: 0.0625
Prec: 0.7777777777777778
Prec_C: 0.03125
Prec_Gamma: 0.0009765625
Rec: 0.9878048780487805
Rec_C: 0.25
Rec_G: 8
