F1: 0.8057142857142857
F1_C: 32768
F1_Gamma: 0.0009765625
Acc: 0.8411214953271028
Acc_C: 32768
Acc_Gamma: 0.00048828125
Prec: 0.7777777777777778
Prec_C: 0.03125
Prec_Gamma: 0.001953125
Rec: 0.9878048780487805
Rec_C: 16
Rec_G: 8
