F1: 0.754601226993865
F1_C: 8
F1_Gamma: 0.015625
Acc: 0.8200934579439252
Acc_C: 8192
Acc_Gamma: 0.00048828125
Prec: 1.0
Prec_C: 0.03125
Prec_Gamma: 4
Rec: 0.75
Rec_C: 8
Rec_G: 0.015625
