F1: 0.7941176470588234
F1_C: 32768
F1_Gamma: 0.0001220703125
Acc: 0.8364485981308412
Acc_C: 32768
Acc_Gamma: 0.0001220703125
Prec: 0.7777777777777778
Prec_C: 0.03125
Prec_Gamma: 0.00390625
Rec: 0.9329268292682927
Rec_C: 1
Rec_G: 8
