F1: 0.7906976744186047
F1_C: 0.5
F1_Gamma: 0.000244140625
Acc: 0.8317757009345794
Acc_C: 0.125
Acc_Gamma: 0.0009765625
Prec: 1.0
Prec_C: 0.03125
Prec_Gamma: 6.103515625e-05
Rec: 0.9878048780487805
Rec_C: 0.03125
Rec_G: 8
