F1: 0.6680497925311203
F1_C: 32768
F1_Gamma: 0.001953125
Acc: 0.6285046728971962
Acc_C: 16384
Acc_Gamma: 0.03125
Prec: 0.5083056478405316
Prec_C: 16384
Prec_Gamma: 0.03125
Rec: 1.0
Rec_C: 0.03125
Rec_G: 3.0517578125e-05
