F1: 0.7678018575851393
F1_C: 4096
F1_Gamma: 0.00048828125
Acc: 0.8317757009345794
Acc_C: 8
Acc_Gamma: 0.0078125
Prec: 0.9230769230769231
Prec_C: 0.125
Prec_Gamma: 8
Rec: 0.7621951219512195
Rec_C: 0.125
Rec_G: 0.0625
