F1: 0.7716049382716049
F1_C: 2
F1_Gamma: 0.0009765625
Acc: 0.8271028037383178
Acc_C: 2
Acc_Gamma: 0.0009765625
Prec: 0.8333333333333334
Prec_C: 0.03125
Prec_Gamma: 0.03125
Rec: 0.7621951219512195
Rec_C: 0.03125
Rec_G: 0.0625
