F1: 0.7905604719764012
F1_C: 32768
F1_Gamma: 0.0001220703125
Acc: 0.8341121495327103
Acc_C: 32768
Acc_Gamma: 0.0001220703125
Prec: 0.7954545454545454
Prec_C: 0.03125
Prec_Gamma: 8
Rec: 0.926829268292683
Rec_C: 0.5
Rec_G: 8
