F1: 0.8100558659217877
F1_C: 2
F1_Gamma: 0.25
Acc: 0.8411214953271028
Acc_C: 2
Acc_Gamma: 0.25
Prec: 0.8181818181818182
Prec_C: 1
Prec_Gamma: 6.103515625e-05
Rec: 0.9878048780487805
Rec_C: 16
Rec_G: 8
