F1: 0.7093821510297482
F1_C: 32768
F1_Gamma: 0.0001220703125
Acc: 0.7032710280373832
Acc_C: 32768
Acc_Gamma: 0.0001220703125
Prec: 0.5677655677655677
Prec_C: 32768
Prec_Gamma: 0.0001220703125
Rec: 1.0
Rec_C: 0.03125
Rec_G: 3.0517578125e-05
