F1: 0.7598784194528875
F1_C: 0.03125
F1_Gamma: 0.125
Acc: 0.8177570093457944
Acc_C: 4
Acc_Gamma: 0.25
Prec: 0.8376068376068376
Prec_C: 4
Prec_Gamma: 1
Rec: 0.7621951219512195
Rec_C: 0.03125
Rec_G: 0.125
