F1: 0.7941176470588234
F1_C: 32768
F1_Gamma: 0.0001220703125
Acc: 0.8364485981308412
Acc_C: 32768
Acc_Gamma: 0.0001220703125
Prec: 0.78
Prec_C: 0.03125
Prec_Gamma: 8
Rec: 0.9390243902439024
Rec_C: 32
Rec_G: 8
