F1: 0.7564102564102565
F1_C: 4096
F1_Gamma: 0.0009765625
Acc: 0.822429906542056
Acc_C: 4096
Acc_Gamma: 0.0009765625
Prec: 1.0
Prec_C: 0.03125
Prec_Gamma: 4
Rec: 0.7378048780487805
Rec_C: 32
Rec_G: 0.0078125
