F1: 0.7873563218390804
F1_C: 32768
F1_Gamma: 3.0517578125e-05
Acc: 0.8317757009345794
Acc_C: 16384
Acc_Gamma: 0.0001220703125
Prec: 0.8095238095238095
Prec_C: 0.03125
Prec_Gamma: 8
Rec: 0.926829268292683
Rec_C: 0.5
Rec_G: 8
