F1: 0.7954545454545454
F1_C: 16
F1_Gamma: 0.015625
Acc: 0.8317757009345794
Acc_C: 0.03125
Acc_Gamma: 0.0078125
Prec: 0.7777777777777778
Prec_C: 0.03125
Prec_Gamma: 0.000244140625
Rec: 0.9878048780487805
Rec_C: 0.03125
Rec_G: 8
