F1: 0.6597510373443983
F1_C: 32768
F1_Gamma: 0.0001220703125
Acc: 0.6238317757009346
Acc_C: 16384
Acc_Gamma: 0.03125
Prec: 0.504950495049505
Prec_C: 16384
Prec_Gamma: 0.03125
Rec: 1.0
Rec_C: 0.03125
Rec_G: 3.0517578125e-05
