F1: 0.7908309455587392
F1_C: 1
F1_Gamma: 0.0001220703125
Acc: 0.8294392523364486
Acc_C: 1
Acc_Gamma: 0.0001220703125
Prec: 0.7777777777777778
Prec_C: 0.03125
Prec_Gamma: 6.103515625e-05
Rec: 0.9878048780487805
Rec_C: 0.03125
Rec_G: 8
