F1: 0.8121546961325968
F1_C: 2
F1_Gamma: 0.25
Acc: 0.8411214953271028
Acc_C: 2
Acc_Gamma: 0.25
Prec: 0.9166666666666666
Prec_C: 0.0625
Prec_Gamma: 0.0009765625
Rec: 0.9878048780487805
Rec_C: 16
Rec_G: 8
