F1: 0.5217391304347826
F1_C: 16
F1_Gamma: 0.125
Acc: 0.7429906542056075
Acc_C: 16
Acc_Gamma: 0.125
Prec: 1.0
Prec_C: 0.03125
Prec_Gamma: 0.03125
Rec: 0.36585365853658536
Rec_C: 16
Rec_G: 0.125
