F1: 0.755700325732899
F1_C: 128
F1_Gamma: 0.00390625
Acc: 0.8247663551401869
Acc_C: 128
Acc_Gamma: 0.00390625
Prec: 1.0
Prec_C: 0.03125
Prec_Gamma: 4
Rec: 0.7073170731707317
Rec_C: 128
Rec_G: 0.00390625
