F1: 0.7988826815642457
F1_C: 8
F1_Gamma: 0.0625
Acc: 0.8387850467289719
Acc_C: 0.03125
Acc_Gamma: 0.03125
Prec: 0.8026315789473685
Prec_C: 0.25
Prec_Gamma: 0.0001220703125
Rec: 0.9878048780487805
Rec_C: 0.125
Rec_G: 8
