F1: 0.7731629392971245
F1_C: 4096
F1_Gamma: 0.000244140625
Acc: 0.8341121495327103
Acc_C: 1024
Acc_Gamma: 0.00048828125
Prec: 0.9230769230769231
Prec_C: 0.125
Prec_Gamma: 8
Rec: 0.7621951219512195
Rec_C: 0.0625
Rec_G: 0.125
