F1: 0.7741935483870966
F1_C: 2048
F1_Gamma: 0.00048828125
Acc: 0.8364485981308412
Acc_C: 2048
Acc_Gamma: 0.00048828125
Prec: 1.0
Prec_C: 0.5
Prec_Gamma: 0.0009765625
Rec: 0.7621951219512195
Rec_C: 0.0625
Rec_G: 0.125
