F1: 0.7820512820512819
F1_C: 0.5
F1_Gamma: 0.00390625
Acc: 0.8411214953271028
Acc_C: 0.5
Acc_Gamma: 0.00390625
Prec: 0.8266666666666667
Prec_C: 0.25
Prec_Gamma: 8
Rec: 0.7621951219512195
Rec_C: 0.03125
Rec_G: 0.0625
