F1: 0.7905604719764012
F1_C: 0.0625
F1_Gamma: 0.001953125
Acc: 0.8341121495327103
Acc_C: 0.0625
Acc_Gamma: 0.001953125
Prec: 0.7777777777777778
Prec_C: 0.03125
Prec_Gamma: 0.0001220703125
Rec: 0.9878048780487805
Rec_C: 0.03125
Rec_G: 8
