F1: 0.7965116279069766
F1_C: 32768
F1_Gamma: 6.103515625e-05
Acc: 0.8364485981308412
Acc_C: 32768
Acc_Gamma: 6.103515625e-05
Prec: 0.8333333333333334
Prec_C: 0.0625
Prec_Gamma: 0.001953125
Rec: 0.9512195121951219
Rec_C: 0.25
Rec_G: 8
