F1: 0.4672131147540983
F1_C: 16384
F1_Gamma: 0.25
Acc: 0.7242990654205608
Acc_C: 32768
Acc_Gamma: 0.0009765625
Prec: 1.0
Prec_C: 0.03125
Prec_Gamma: 0.03125
Rec: 0.3475609756097561
Rec_C: 16384
Rec_G: 0.25
