F1: 0.8033240997229916
F1_C: 0.5
F1_Gamma: 0.0625
Acc: 0.8341121495327103
Acc_C: 0.5
Acc_Gamma: 0.0625
Prec: 0.7777777777777778
Prec_C: 0.03125
Prec_Gamma: 0.000244140625
Rec: 0.9878048780487805
Rec_C: 0.0625
Rec_G: 8
