F1: 0.7749999999999999
F1_C: 2
F1_Gamma: 0.015625
Acc: 0.8341121495327103
Acc_C: 1024
Acc_Gamma: 0.0009765625
Prec: 1.0
Prec_C: 0.125
Prec_Gamma: 8
Rec: 0.7621951219512195
Rec_C: 0.125
Rec_G: 0.0625
