F1: 0.7977207977207976
F1_C: 4
F1_Gamma: 0.25
Acc: 0.8341121495327103
Acc_C: 0.5
Acc_Gamma: 0.5
Prec: 1.0
Prec_C: 0.25
Prec_Gamma: 0.000244140625
Rec: 0.9512195121951219
Rec_C: 0.25
Rec_G: 8
