F1: 0.78125
F1_C: 0.5
F1_Gamma: 0.0009765625
Acc: 0.8364485981308412
Acc_C: 0.25
Acc_Gamma: 0.001953125
Prec: 0.8947368421052632
Prec_C: 0.0625
Prec_Gamma: 8
Rec: 0.7865853658536586
Rec_C: 0.5
Rec_G: 8
