F1: 0.764525993883792
F1_C: 4
F1_Gamma: 0.0009765625
Acc: 0.8200934579439252
Acc_C: 4
Acc_Gamma: 0.0009765625
Prec: 0.8947368421052632
Prec_C: 0.125
Prec_Gamma: 0.015625
Rec: 0.7621951219512195
Rec_C: 0.03125
Rec_G: 0.125
