F1: 0.7029478458049887
F1_C: 32768
F1_Gamma: 0.0001220703125
Acc: 0.6939252336448598
Acc_C: 32768
Acc_Gamma: 0.0001220703125
Prec: 0.5595667870036101
Prec_C: 32768
Prec_Gamma: 0.0001220703125
Rec: 1.0
Rec_C: 0.03125
Rec_G: 3.0517578125e-05
