F1: 0.7977839335180056
F1_C: 0.25
F1_Gamma: 0.125
Acc: 0.8341121495327103
Acc_C: 0.03125
Acc_Gamma: 0.015625
Prec: 0.875
Prec_C: 0.125
Prec_Gamma: 0.0001220703125
Rec: 0.9878048780487805
Rec_C: 0.0625
Rec_G: 8
