F1: 0.7564102564102565
F1_C: 2048
F1_Gamma: 0.0009765625
Acc: 0.822429906542056
Acc_C: 2048
Acc_Gamma: 0.0009765625
Prec: 1.0
Prec_C: 0.03125
Prec_Gamma: 4
Rec: 0.7317073170731707
Rec_C: 128
Rec_G: 0.00390625
