F1: 0.7692307692307694
F1_C: 64
F1_Gamma: 0.0009765625
Acc: 0.8317757009345794
Acc_C: 64
Acc_Gamma: 0.0009765625
Prec: 0.9090909090909091
Prec_C: 0.125
Prec_Gamma: 8
Rec: 0.7621951219512195
Rec_C: 0.125
Rec_G: 0.0625
