F1: 0.7678018575851393
F1_C: 8
F1_Gamma: 0.0078125
Acc: 0.8271028037383178
Acc_C: 0.125
Acc_Gamma: 0.03125
Prec: 1.0
Prec_C: 0.03125
Prec_Gamma: 0.015625
Rec: 0.7621951219512195
Rec_C: 0.0625
Rec_G: 0.125
