F1: 0.7749999999999999
F1_C: 16384
F1_Gamma: 6.103515625e-05
Acc: 0.8364485981308412
Acc_C: 32768
Acc_Gamma: 0.0001220703125
Prec: 1.0
Prec_C: 0.0625
Prec_Gamma: 0.0078125
Rec: 0.7621951219512195
Rec_C: 0.0625
Rec_G: 0.125
