F1: 0.8
F1_C: 64
F1_Gamma: 0.03125
Acc: 0.8364485981308412
Acc_C: 0.0625
Acc_Gamma: 0.25
Prec: 0.7777777777777778
Prec_C: 0.03125
Prec_Gamma: 0.0009765625
Rec: 0.9878048780487805
Rec_C: 0.125
Rec_G: 8
