F1: 0.6559356136820926
F1_C: 32768
F1_Gamma: 0.001953125
Acc: 0.6144859813084113
Acc_C: 2048
Acc_Gamma: 0.0625
Prec: 0.4983922829581994
Prec_C: 2048
Prec_Gamma: 0.0625
Rec: 1.0
Rec_C: 0.03125
Rec_G: 3.0517578125e-05
