F1: 0.7648902821316615
F1_C: 32768
F1_Gamma: 3.0517578125e-05
Acc: 0.8247663551401869
Acc_C: 32768
Acc_Gamma: 3.0517578125e-05
Prec: 0.8292682926829268
Prec_C: 16
Prec_Gamma: 0.5
Rec: 0.7621951219512195
Rec_C: 0.03125
Rec_G: 0.125
