F1: 0.7787610619469028
F1_C: 128
F1_Gamma: 0.125
Acc: 0.8247663551401869
Acc_C: 1
Acc_Gamma: 1
Prec: 1.0
Prec_C: 0.03125
Prec_Gamma: 8
Rec: 0.8963414634146342
Rec_C: 2
Rec_G: 8
