F1: 0.6680672268907563
F1_C: 32768
F1_Gamma: 0.0001220703125
Acc: 0.633177570093458
Acc_C: 4096
Acc_Gamma: 0.0625
Prec: 0.5117056856187291
Prec_C: 4096
Prec_Gamma: 0.0625
Rec: 1.0
Rec_C: 0.03125
Rec_G: 3.0517578125e-05
