F1: 0.7797619047619048
F1_C: 0.125
F1_Gamma: 2
Acc: 0.8271028037383178
Acc_C: 0.125
Acc_Gamma: 2
Prec: 0.7954545454545454
Prec_C: 0.0625
Prec_Gamma: 8
Rec: 0.8597560975609756
Rec_C: 1
Rec_G: 8
