F1: 0.7668711656441718
F1_C: 1
F1_Gamma: 0.001953125
Acc: 0.822429906542056
Acc_C: 1
Acc_Gamma: 0.001953125
Prec: 0.8461538461538461
Prec_C: 0.03125
Prec_Gamma: 0.03125
Rec: 0.7621951219512195
Rec_C: 0.03125
Rec_G: 0.0625
