F1: 0.7381546134663343
F1_C: 32768
F1_Gamma: 0.0009765625
Acc: 0.7593457943925234
Acc_C: 32768
Acc_Gamma: 0.00048828125
Prec: 0.6343612334801763
Prec_C: 32768
Prec_Gamma: 0.00048828125
Rec: 1.0
Rec_C: 0.03125
Rec_G: 3.0517578125e-05
