F1: 0.7720364741641338
F1_C: 64
F1_Gamma: 0.25
Acc: 0.8247663551401869
Acc_C: 64
Acc_Gamma: 0.25
Prec: 0.8
Prec_C: 0.0625
Prec_Gamma: 8
Rec: 0.8109756097560976
Rec_C: 0.5
Rec_G: 8
