F1: 0.7764705882352942
F1_C: 0.25
F1_Gamma: 4
Acc: 0.8247663551401869
Acc_C: 8
Acc_Gamma: 0.25
Prec: 0.8275862068965517
Prec_C: 0.0625
Prec_Gamma: 8
Rec: 0.823170731707317
Rec_C: 0.5
Rec_G: 8
