F1: 0.7682539682539684
F1_C: 32768
F1_Gamma: 0.0001220703125
Acc: 0.8294392523364486
Acc_C: 32768
Acc_Gamma: 0.0001220703125
Prec: 1.0
Prec_C: 0.03125
Prec_Gamma: 0.015625
Rec: 0.7621951219512195
Rec_C: 0.0625
Rec_G: 0.125
