F1: 0.7781350482315113
F1_C: 0.25
F1_Gamma: 0.0078125
Acc: 0.8387850467289719
Acc_C: 0.25
Acc_Gamma: 0.0078125
Prec: 0.8421052631578947
Prec_C: 0.125
Prec_Gamma: 8
Rec: 0.7621951219512195
Rec_C: 0.03125
Rec_G: 0.0625
