F1: 0.7833827893175074
F1_C: 0.03125
F1_Gamma: 0.00048828125
Acc: 0.8294392523364486
Acc_C: 0.03125
Acc_Gamma: 0.00048828125
Prec: 0.7777777777777778
Prec_C: 0.03125
Prec_Gamma: 3.0517578125e-05
Rec: 0.9878048780487805
Rec_C: 0.03125
Rec_G: 8
