F1: 0.77602523659306
F1_C: 0.125
F1_Gamma: 0.015625
Acc: 0.8341121495327103
Acc_C: 0.125
Acc_Gamma: 0.015625
Prec: 0.8421052631578947
Prec_C: 0.125
Prec_Gamma: 8
Rec: 0.7621951219512195
Rec_C: 0.03125
Rec_G: 0.0625
