F1: 0.7701863354037267
F1_C: 8192
F1_Gamma: 0.000244140625
Acc: 0.8317757009345794
Acc_C: 32768
Acc_Gamma: 0.0001220703125
Prec: 1.0
Prec_C: 0.0625
Prec_Gamma: 0.0078125
Rec: 0.7621951219512195
Rec_C: 0.0625
Rec_G: 0.125
