F1: 0.7598784194528875
F1_C: 0.03125
F1_Gamma: 0.125
Acc: 0.8200934579439252
Acc_C: 32768
Acc_Gamma: 3.0517578125e-05
Prec: 0.8695652173913043
Prec_C: 0.125
Prec_Gamma: 8
Rec: 0.7621951219512195
Rec_C: 0.03125
Rec_G: 0.125
