F1: 0.7797619047619048
F1_C: 128
F1_Gamma: 0.125
Acc: 0.8271028037383178
Acc_C: 128
Acc_Gamma: 0.125
Prec: 0.7777777777777778
Prec_C: 0.03125
Prec_Gamma: 0.0078125
Rec: 0.8658536585365854
Rec_C: 1
Rec_G: 8
