F1: 0.755700325732899
F1_C: 8192
F1_Gamma: 0.00048828125
Acc: 0.8247663551401869
Acc_C: 8192
Acc_Gamma: 0.00048828125
Prec: 1.0
Prec_C: 0.03125
Prec_Gamma: 4
Rec: 0.75
Rec_C: 8
Rec_G: 0.015625
