F1: 0.7781350482315113
F1_C: 0.5
F1_Gamma: 0.0078125
Acc: 0.8387850467289719
Acc_C: 0.5
Acc_Gamma: 0.0078125
Prec: 1.0
Prec_C: 0.03125
Prec_Gamma: 0.015625
Rec: 0.7621951219512195
Rec_C: 0.0625
Rec_G: 0.125
