F1: 0.77602523659306
F1_C: 64
F1_Gamma: 3.0517578125e-05
Acc: 0.8341121495327103
Acc_C: 64
Acc_Gamma: 3.0517578125e-05
Prec: 0.8333333333333334
Prec_C: 0.03125
Prec_Gamma: 0.03125
Rec: 0.7621951219512195
Rec_C: 0.03125
Rec_G: 0.0625
