F1: 0.7774480712166172
F1_C: 0.125
F1_Gamma: 4
Acc: 0.8247663551401869
Acc_C: 0.125
Acc_Gamma: 4
Prec: 0.8205128205128205
Prec_C: 0.0625
Prec_Gamma: 8
Rec: 0.8475609756097561
Rec_C: 1
Rec_G: 8
