F1: 0.7798742138364779
F1_C: 2
F1_Gamma: 0.000244140625
Acc: 0.8364485981308412
Acc_C: 0.25
Acc_Gamma: 0.001953125
Prec: 0.8888888888888888
Prec_C: 0.0625
Prec_Gamma: 8
Rec: 0.7865853658536586
Rec_C: 0.5
Rec_G: 8
