F1: 0.7422680412371134
F1_C: 32768
F1_Gamma: 0.00048828125
Acc: 0.7663551401869159
Acc_C: 32768
Acc_Gamma: 0.00048828125
Prec: 0.6428571428571429
Prec_C: 32768
Prec_Gamma: 0.00048828125
Rec: 1.0
Rec_C: 0.03125
Rec_G: 3.0517578125e-05
