F1: 0.7716049382716049
F1_C: 0.0625
F1_Gamma: 0.0078125
Acc: 0.8271028037383178
Acc_C: 0.0625
Acc_Gamma: 0.0078125
Prec: 0.85
Prec_C: 0.0625
Prec_Gamma: 8
Rec: 0.7926829268292683
Rec_C: 0.5
Rec_G: 8
