F1: 0.7941176470588234
F1_C: 32768
F1_Gamma: 0.0001220703125
Acc: 0.8364485981308412
Acc_C: 32768
Acc_Gamma: 0.0001220703125
Prec: 0.782608695652174
Prec_C: 0.03125
Prec_Gamma: 8
Rec: 0.926829268292683
Rec_C: 0.5
Rec_G: 8
