F1: 0.7777777777777778
F1_C: 0.25
F1_Gamma: 2
Acc: 0.8247663551401869
Acc_C: 1
Acc_Gamma: 1
Prec: 1.0
Prec_C: 0.03125
Prec_Gamma: 8
Rec: 0.8841463414634146
Rec_C: 4
Rec_G: 8
