F1: 0.7798742138364779
F1_C: 0.125
F1_Gamma: 0.00390625
Acc: 0.8364485981308412
Acc_C: 0.125
Acc_Gamma: 0.00390625
Prec: 0.8947368421052632
Prec_C: 0.0625
Prec_Gamma: 8
Rec: 0.7926829268292683
Rec_C: 0.5
Rec_G: 8
