F1: 0.7788161993769471
F1_C: 4
F1_Gamma: 0.000244140625
Acc: 0.8341121495327103
Acc_C: 4
Acc_Gamma: 0.000244140625
Prec: 1.0
Prec_C: 0.0625
Prec_Gamma: 8
Rec: 0.7621951219512195
Rec_C: 0.03125
Rec_G: 0.03125
