F1: 0.7976878612716763
F1_C: 8
F1_Gamma: 0.015625
Acc: 0.8364485981308412
Acc_C: 8
Acc_Gamma: 0.015625
Prec: 0.7777777777777778
Prec_C: 0.03125
Prec_Gamma: 0.000244140625
Rec: 0.9878048780487805
Rec_C: 0.0625
Rec_G: 8
