F1: 0.7548387096774194
F1_C: 16384
F1_Gamma: 0.00048828125
Acc: 0.822429906542056
Acc_C: 16384
Acc_Gamma: 0.00048828125
Prec: 1.0
Prec_C: 0.03125
Prec_Gamma: 4
Rec: 0.75
Rec_C: 2
Rec_G: 0.03125
