F1: 0.7887323943661971
F1_C: 2
F1_Gamma: 1
Acc: 0.8364485981308412
Acc_C: 0.03125
Acc_Gamma: 0.0078125
Prec: 0.8947368421052632
Prec_C: 0.03125
Prec_Gamma: 8
Rec: 0.9085365853658537
Rec_C: 1
Rec_G: 8
