F1: 0.7579617834394904
F1_C: 8
F1_Gamma: 0.015625
Acc: 0.8247663551401869
Acc_C: 2048
Acc_Gamma: 0.0009765625
Prec: 1.0
Prec_C: 0.03125
Prec_Gamma: 4
Rec: 0.725609756097561
Rec_C: 8
Rec_G: 0.015625
