F1: 0.7538940809968847
F1_C: 8
F1_Gamma: 0.015625
Acc: 0.8177570093457944
Acc_C: 4096
Acc_Gamma: 0.0009765625
Prec: 1.0
Prec_C: 0.03125
Prec_Gamma: 4
Rec: 0.7378048780487805
Rec_C: 8
Rec_G: 0.015625
