F1: 0.7905604719764012
F1_C: 1
F1_Gamma: 1
Acc: 0.8341121495327103
Acc_C: 1
Acc_Gamma: 1
Prec: 0.8571428571428571
Prec_C: 0.03125
Prec_Gamma: 8
Rec: 0.9024390243902439
Rec_C: 1
Rec_G: 8
