F1: 0.7621951219512195
F1_C: 512
F1_Gamma: 0.0009765625
Acc: 0.8177570093457944
Acc_C: 512
Acc_Gamma: 0.0009765625
Prec: 0.9074074074074074
Prec_C: 0.125
Prec_Gamma: 0.015625
Rec: 0.7621951219512195
Rec_C: 0.03125
Rec_G: 0.125
