F1: 0.7601246105919004
F1_C: 4
F1_Gamma: 0.25
Acc: 0.8200934579439252
Acc_C: 4
Acc_Gamma: 0.25
Prec: 0.8292682926829268
Prec_C: 16
Prec_Gamma: 0.5
Rec: 0.7621951219512195
Rec_C: 0.03125
Rec_G: 0.125
