F1: 0.7988505747126436
F1_C: 32
F1_Gamma: 0.0078125
Acc: 0.8364485981308412
Acc_C: 32
Acc_Gamma: 0.0078125
Prec: 1.0
Prec_C: 0.03125
Prec_Gamma: 0.0001220703125
Rec: 0.9878048780487805
Rec_C: 0.03125
Rec_G: 8
