F1: 0.7836990595611285
F1_C: 2
F1_Gamma: 0.000244140625
Acc: 0.8387850467289719
Acc_C: 2
Acc_Gamma: 0.000244140625
Prec: 0.8888888888888888
Prec_C: 0.0625
Prec_Gamma: 8
Rec: 0.7865853658536586
Rec_C: 0.5
Rec_G: 8
