F1: 0.77602523659306
F1_C: 4
F1_Gamma: 0.00048828125
Acc: 0.8341121495327103
Acc_C: 4
Acc_Gamma: 0.00048828125
Prec: 0.8333333333333334
Prec_C: 0.03125
Prec_Gamma: 0.03125
Rec: 0.7621951219512195
Rec_C: 0.03125
Rec_G: 0.0625
