F1: 0.7988826815642457
F1_C: 8
F1_Gamma: 0.0625
Acc: 0.8364485981308412
Acc_C: 0.03125
Acc_Gamma: 0.03125
Prec: 1.0
Prec_C: 0.03125
Prec_Gamma: 0.00048828125
Rec: 0.9878048780487805
Rec_C: 0.125
Rec_G: 8
