F1: 0.8166666666666665
F1_C: 2
F1_Gamma: 0.25
Acc: 0.8457943925233645
Acc_C: 2
Acc_Gamma: 0.25
Prec: 0.8709677419354839
Prec_C: 1
Prec_Gamma: 6.103515625e-05
Rec: 0.9878048780487805
Rec_C: 16
Rec_G: 8
