F1: 0.7588424437299036
F1_C: 1024
F1_Gamma: 0.001953125
Acc: 0.8247663551401869
Acc_C: 1024
Acc_Gamma: 0.001953125
Prec: 1.0
Prec_C: 0.03125
Prec_Gamma: 4
Rec: 0.725609756097561
Rec_C: 32
Rec_G: 0.0078125
