F1: 0.781869688385269
F1_C: 1
F1_Gamma: 2
Acc: 0.8271028037383178
Acc_C: 1
Acc_Gamma: 1
Prec: 1.0
Prec_C: 0.03125
Prec_Gamma: 8
Rec: 0.8963414634146342
Rec_C: 1
Rec_G: 8
