F1: 0.7988826815642457
F1_C: 0.5
F1_Gamma: 0.0625
Acc: 0.8341121495327103
Acc_C: 0.5
Acc_Gamma: 3.0517578125e-05
Prec: 0.8345323741007195
Prec_C: 0.5
Prec_Gamma: 3.0517578125e-05
Rec: 0.9878048780487805
Rec_C: 0.0625
Rec_G: 8
