F1: 0.7977207977207976
F1_C: 4
F1_Gamma: 0.25
Acc: 0.8341121495327103
Acc_C: 4
Acc_Gamma: 0.25
Prec: 0.875
Prec_C: 0.0625
Prec_Gamma: 0.001953125
Rec: 0.9512195121951219
Rec_C: 0.25
Rec_G: 8
