F1: 0.7692307692307692
F1_C: 0.0625
F1_Gamma: 0.0078125
Acc: 0.8247663551401869
Acc_C: 0.03125
Acc_Gamma: 0.015625
Prec: 0.85
Prec_C: 0.0625
Prec_Gamma: 8
Rec: 0.7926829268292683
Rec_C: 0.5
Rec_G: 8
