F1: 0.7836990595611285
F1_C: 0.25
F1_Gamma: 0.001953125
Acc: 0.8387850467289719
Acc_C: 0.25
Acc_Gamma: 0.001953125
Prec: 0.8947368421052632
Prec_C: 0.0625
Prec_Gamma: 8
Rec: 0.7865853658536586
Rec_C: 0.5
Rec_G: 8
