F1: 0.7781350482315113
F1_C: 0.5
F1_Gamma: 0.00390625
Acc: 0.8387850467289719
Acc_C: 0.5
Acc_Gamma: 0.00390625
Prec: 0.8251748251748252
Prec_C: 2
Prec_Gamma: 0.0009765625
Rec: 0.7621951219512195
Rec_C: 0.03125
Rec_G: 0.0625
