F1: 0.7875354107648724
F1_C: 2
F1_Gamma: 1
Acc: 0.8387850467289719
Acc_C: 2
Acc_Gamma: 0.0001220703125
Prec: 0.8947368421052632
Prec_C: 0.03125
Prec_Gamma: 8
Rec: 0.9085365853658537
Rec_C: 1
Rec_G: 8
