F1: 0.8099173553719008
F1_C: 2
F1_Gamma: 0.25
Acc: 0.8387850467289719
Acc_C: 0.125
Acc_Gamma: 0.0625
Prec: 1.0
Prec_C: 0.03125
Prec_Gamma: 0.0009765625
Rec: 0.9878048780487805
Rec_C: 0.5
Rec_G: 8
