F1: 0.8011527377521613
F1_C: 16384
F1_Gamma: 0.00048828125
Acc: 0.8387850467289719
Acc_C: 0.5
Acc_Gamma: 0.125
Prec: 0.7777777777777778
Prec_C: 0.03125
Prec_Gamma: 0.0009765625
Rec: 0.9878048780487805
Rec_C: 0.125
Rec_G: 8
