F1: 0.8011363636363635
F1_C: 4
F1_Gamma: 0.25
Acc: 0.8387850467289719
Acc_C: 1
Acc_Gamma: 0.0001220703125
Prec: 0.8308823529411765
Prec_C: 0.03125
Prec_Gamma: 0.00390625
Rec: 0.9512195121951219
Rec_C: 0.25
Rec_G: 8
