F1: 0.7897727272727273
F1_C: 2
F1_Gamma: 1
Acc: 0.8294392523364486
Acc_C: 1
Acc_Gamma: 1
Prec: 1.0
Prec_C: 0.03125
Prec_Gamma: 0.00390625
Rec: 0.9085365853658537
Rec_C: 1
Rec_G: 8
