F1: 0.6313645621181262
F1_C: 512
F1_Gamma: 0.125
Acc: 0.5771028037383178
Acc_C: 512
Acc_Gamma: 0.125
Prec: 0.4740061162079511
Prec_C: 512
Prec_Gamma: 0.125
Rec: 1.0
Rec_C: 0.03125
Rec_G: 3.0517578125e-05
