F1: 0.8033707865168539
F1_C: 32
F1_Gamma: 0.125
Acc: 0.8364485981308412
Acc_C: 0.25
Acc_Gamma: 0.5
Prec: 0.7777777777777778
Prec_C: 0.03125
Prec_Gamma: 0.001953125
Rec: 0.9573170731707317
Rec_C: 0.5
Rec_G: 8
