F1: 0.7741935483870966
F1_C: 2048
F1_Gamma: 0.00048828125
Acc: 0.8387850467289719
Acc_C: 32768
Acc_Gamma: 0.0001220703125
Prec: 1.0
Prec_C: 0.5
Prec_Gamma: 0.0009765625
Rec: 0.7621951219512195
Rec_C: 0.0625
Rec_G: 0.125
