F1: 0.7594936708860759
F1_C: 8192
F1_Gamma: 0.0009765625
Acc: 0.822429906542056
Acc_C: 8192
Acc_Gamma: 0.0009765625
Prec: 1.0
Prec_C: 0.125
Prec_Gamma: 8
Rec: 0.75
Rec_C: 2
Rec_G: 0.03125
