F1: 0.6570247933884298
F1_C: 32768
F1_Gamma: 0.0001220703125
Acc: 0.616822429906542
Acc_C: 2048
Acc_Gamma: 0.0625
Prec: 0.5
Prec_C: 2048
Prec_Gamma: 0.0625
Rec: 1.0
Rec_C: 0.03125
Rec_G: 3.0517578125e-05
