F1: 0.7375415282392028
F1_C: 32
F1_Gamma: 0.0078125
Acc: 0.8154205607476636
Acc_C: 32
Acc_Gamma: 0.0078125
Prec: 1.0
Prec_C: 0.03125
Prec_Gamma: 4
Rec: 0.676829268292683
Rec_C: 32
Rec_G: 0.0078125
