F1: 0.727699530516432
F1_C: 32768
F1_Gamma: 0.0001220703125
Acc: 0.7289719626168224
Acc_C: 32768
Acc_Gamma: 0.0001220703125
Prec: 0.5916030534351145
Prec_C: 32768
Prec_Gamma: 0.0001220703125
Rec: 1.0
Rec_C: 0.03125
Rec_G: 3.0517578125e-05
