F1: 0.7851002865329513
F1_C: 0.03125
F1_Gamma: 0.001953125
Acc: 0.8294392523364486
Acc_C: 0.03125
Acc_Gamma: 0.0009765625
Prec: 0.7630057803468208
Prec_C: 0.03125
Prec_Gamma: 0.0009765625
Rec: 0.9878048780487805
Rec_C: 0.03125
Rec_G: 8
