F1: 0.777142857142857
F1_C: 0.03125
F1_Gamma: 6.103515625e-05
Acc: 0.8177570093457944
Acc_C: 0.03125
Acc_Gamma: 6.103515625e-05
Prec: 0.7575757575757576
Prec_C: 0.03125
Prec_Gamma: 3.0517578125e-05
Rec: 0.9878048780487805
Rec_C: 0.03125
Rec_G: 8
