F1: 0.7727272727272726
F1_C: 16384
F1_Gamma: 0.000244140625
Acc: 0.8364485981308412
Acc_C: 16384
Acc_Gamma: 0.000244140625
Prec: 1.0
Prec_C: 0.125
Prec_Gamma: 8
Rec: 0.7621951219512195
Rec_C: 0.125
Rec_G: 0.0625
