F1: 0.8067226890756303
F1_C: 4
F1_Gamma: 0.25
Acc: 0.8387850467289719
Acc_C: 4
Acc_Gamma: 0.25
Prec: 0.7777777777777778
Prec_C: 0.03125
Prec_Gamma: 0.001953125
Rec: 0.9634146341463414
Rec_C: 16
Rec_G: 8
