F1: 0.672340425531915
F1_C: 32768
F1_Gamma: 0.001953125
Acc: 0.6401869158878505
Acc_C: 4096
Acc_Gamma: 0.0625
Prec: 0.5168918918918919
Prec_C: 4096
Prec_Gamma: 0.0625
Rec: 1.0
Rec_C: 0.03125
Rec_G: 3.0517578125e-05
