F1: 0.7667731629392971
F1_C: 4
F1_Gamma: 0.001953125
Acc: 0.8294392523364486
Acc_C: 0.5
Acc_Gamma: 0.015625
Prec: 1.0
Prec_C: 0.125
Prec_Gamma: 8
Rec: 0.75
Rec_C: 0.5
Rec_G: 0.0625
