F1: 0.7820512820512819
F1_C: 16
F1_Gamma: 0.0001220703125
Acc: 0.8411214953271028
Acc_C: 16
Acc_Gamma: 0.0001220703125
Prec: 0.825
Prec_C: 0.125
Prec_Gamma: 8
Rec: 0.7621951219512195
Rec_C: 0.03125
Rec_G: 0.0625
