F1: 0.7692307692307692
F1_C: 0.5
F1_Gamma: 2
Acc: 0.8247663551401869
Acc_C: 0.5
Acc_Gamma: 2
Prec: 0.9148936170212766
Prec_C: 2
Prec_Gamma: 0.000244140625
Rec: 0.7682926829268293
Rec_C: 8192
Rec_G: 0.0078125
