F1: 0.7687296416938111
F1_C: 2
F1_Gamma: 0.00390625
Acc: 0.8341121495327103
Acc_C: 2
Acc_Gamma: 0.00390625
Prec: 1.0
Prec_C: 0.125
Prec_Gamma: 8
Rec: 0.75
Rec_C: 0.5
Rec_G: 0.0625
