F1: 0.7403598971722366
F1_C: 32768
F1_Gamma: 0.00048828125
Acc: 0.764018691588785
Acc_C: 32768
Acc_Gamma: 0.00048828125
Prec: 0.64
Prec_C: 32768
Prec_Gamma: 0.00048828125
Rec: 1.0
Rec_C: 0.03125
Rec_G: 3.0517578125e-05
