F1: 0.7788161993769471
F1_C: 0.5
F1_Gamma: 0.03125
Acc: 0.8364485981308412
Acc_C: 16
Acc_Gamma: 0.0078125
Prec: 1.0
Prec_C: 0.125
Prec_Gamma: 8
Rec: 0.7621951219512195
Rec_C: 0.5
Rec_G: 0.03125
