F1: 0.8057971014492754
F1_C: 0.125
F1_Gamma: 0.25
Acc: 0.8434579439252337
Acc_C: 0.125
Acc_Gamma: 0.25
Prec: 0.7777777777777778
Prec_C: 0.03125
Prec_Gamma: 0.0009765625
Rec: 0.9878048780487805
Rec_C: 0.25
Rec_G: 8
