F1: 0.7421686746987951
F1_C: 32768
F1_Gamma: 6.103515625e-05
Acc: 0.75
Acc_C: 32768
Acc_Gamma: 6.103515625e-05
Prec: 0.6135458167330677
Prec_C: 32768
Prec_Gamma: 6.103515625e-05
Rec: 1.0
Rec_C: 0.03125
Rec_G: 3.0517578125e-05
