F1: 0.7604166666666666
F1_C: 32768
F1_Gamma: 0.0009765625
Acc: 0.7850467289719626
Acc_C: 32768
Acc_Gamma: 0.0009765625
Prec: 0.6636363636363637
Prec_C: 32768
Prec_Gamma: 0.0009765625
Rec: 1.0
Rec_C: 0.03125
Rec_G: 3.0517578125e-05
