F1: 0.7887323943661971
F1_C: 2
F1_Gamma: 1
Acc: 0.8271028037383178
Acc_C: 0.125
Acc_Gamma: 1
Prec: 0.8275862068965517
Prec_C: 0.03125
Prec_Gamma: 8
Rec: 0.926829268292683
Rec_C: 32
Rec_G: 8
