F1: 0.7910863509749304
F1_C: 512
F1_Gamma: 0.001953125
Acc: 0.8247663551401869
Acc_C: 0.03125
Acc_Gamma: 0.00390625
Prec: 0.7777777777777778
Prec_C: 0.03125
Prec_Gamma: 0.0001220703125
Rec: 0.9878048780487805
Rec_C: 0.03125
Rec_G: 8
