F1: 0.7594936708860759
F1_C: 32
F1_Gamma: 0.015625
Acc: 0.822429906542056
Acc_C: 32
Acc_Gamma: 0.015625
Prec: 1.0
Prec_C: 0.03125
Prec_Gamma: 4
Rec: 0.75
Rec_C: 8
Rec_G: 0.015625
