F1: 0.7976539589442815
F1_C: 32768
F1_Gamma: 0.0001220703125
Acc: 0.8387850467289719
Acc_C: 32768
Acc_Gamma: 0.0001220703125
Prec: 0.7962962962962963
Prec_C: 0.03125
Prec_Gamma: 8
Rec: 0.9390243902439024
Rec_C: 32
Rec_G: 8
