F1: 0.673773987206823
F1_C: 32768
F1_Gamma: 0.001953125
Acc: 0.6425233644859814
Acc_C: 32768
Acc_Gamma: 0.001953125
Prec: 0.5180327868852459
Prec_C: 32768
Prec_Gamma: 0.001953125
Rec: 1.0
Rec_C: 0.03125
Rec_G: 3.0517578125e-05
