F1: 0.6960352422907489
F1_C: 32768
F1_Gamma: 0.0001220703125
Acc: 0.677570093457944
Acc_C: 32768
Acc_Gamma: 0.0001220703125
Prec: 0.5448275862068965
Prec_C: 32768
Prec_Gamma: 0.0001220703125
Rec: 1.0
Rec_C: 0.03125
Rec_G: 3.0517578125e-05
