F1: 0.7598784194528875
F1_C: 0.03125
F1_Gamma: 0.125
Acc: 0.822429906542056
Acc_C: 0.03125
Acc_Gamma: 0.0625
Prec: 0.8695652173913043
Prec_C: 0.125
Prec_Gamma: 8
Rec: 0.7621951219512195
Rec_C: 0.03125
Rec_G: 0.125
