F1: 0.6458333333333334
F1_C: 512
F1_Gamma: 0.125
Acc: 0.6051401869158879
Acc_C: 4096
Acc_Gamma: 0.0625
Prec: 0.4919614147909968
Prec_C: 4096
Prec_Gamma: 0.0625
Rec: 1.0
Rec_C: 0.03125
Rec_G: 3.0517578125e-05
