F1: 0.8011363636363635
F1_C: 4
F1_Gamma: 0.25
Acc: 0.8364485981308412
Acc_C: 4
Acc_Gamma: 0.25
Prec: 0.8120805369127517
Prec_C: 0.03125
Prec_Gamma: 0.00390625
Rec: 0.9512195121951219
Rec_C: 0.25
Rec_G: 8
