F1: 0.7142857142857143
F1_C: 32768
F1_Gamma: 0.0001220703125
Acc: 0.7102803738317757
Acc_C: 32768
Acc_Gamma: 6.103515625e-05
Prec: 0.5746268656716418
Prec_C: 32768
Prec_Gamma: 6.103515625e-05
Rec: 1.0
Rec_C: 0.03125
Rec_G: 3.0517578125e-05
