F1: 0.764525993883792
F1_C: 2
F1_Gamma: 0.00048828125
Acc: 0.822429906542056
Acc_C: 1
Acc_Gamma: 1
Prec: 1.0
Prec_C: 0.0625
Prec_Gamma: 8
Rec: 0.7621951219512195
Rec_C: 0.03125
Rec_G: 0.03125
