F1: 0.7719298245614036
F1_C: 0.25
F1_Gamma: 4
Acc: 0.8247663551401869
Acc_C: 2
Acc_Gamma: 0.5
Prec: 0.8333333333333334
Prec_C: 0.0625
Prec_Gamma: 8
Rec: 0.8353658536585366
Rec_C: 8
Rec_G: 8
