F1: 0.7624999999999998
F1_C: 0.03125
F1_Gamma: 0.0625
Acc: 0.822429906542056
Acc_C: 0.03125
Acc_Gamma: 0.0625
Prec: 0.8292682926829268
Prec_C: 16
Prec_Gamma: 0.5
Rec: 0.7621951219512195
Rec_C: 0.03125
Rec_G: 0.125
