F1: 0.5843621399176954
F1_C: 32768
F1_Gamma: 0.0009765625
Acc: 0.764018691588785
Acc_C: 32768
Acc_Gamma: 0.0009765625
Prec: 1.0
Prec_C: 0.03125
Prec_Gamma: 4
Rec: 0.4329268292682927
Rec_C: 32768
Rec_G: 0.0009765625
