F1: 0.7749999999999999
F1_C: 2
F1_Gamma: 0.015625
Acc: 0.8341121495327103
Acc_C: 256
Acc_Gamma: 0.001953125
Prec: 1.0
Prec_C: 0.125
Prec_Gamma: 8
Rec: 0.7621951219512195
Rec_C: 0.25
Rec_G: 0.03125
