F1: 0.7747747747747746
F1_C: 32
F1_Gamma: 0.25
Acc: 0.8247663551401869
Acc_C: 2
Acc_Gamma: 0.5
Prec: 0.8095238095238095
Prec_C: 0.0625
Prec_Gamma: 8
Rec: 0.8597560975609756
Rec_C: 1
Rec_G: 8
