F1: 0.6365503080082136
F1_C: 512
F1_Gamma: 0.125
Acc: 0.5887850467289719
Acc_C: 4096
Acc_Gamma: 0.0625
Prec: 0.4811320754716981
Prec_C: 4096
Prec_Gamma: 0.0625
Rec: 1.0
Rec_C: 0.03125
Rec_G: 3.0517578125e-05
