F1: 0.778481012658228
F1_C: 2
F1_Gamma: 0.001953125
Acc: 0.8364485981308412
Acc_C: 2
Acc_Gamma: 0.001953125
Prec: 0.8620689655172413
Prec_C: 0.25
Prec_Gamma: 8
Rec: 0.7621951219512195
Rec_C: 0.03125
Rec_G: 0.125
