F1: 0.764525993883792
F1_C: 2
F1_Gamma: 0.001953125
Acc: 0.8200934579439252
Acc_C: 2
Acc_Gamma: 0.001953125
Prec: 0.8913043478260869
Prec_C: 0.0625
Prec_Gamma: 0.03125
Rec: 0.7621951219512195
Rec_C: 0.03125
Rec_G: 0.125
