F1: 0.7781350482315113
F1_C: 1
F1_Gamma: 0.00048828125
Acc: 0.8387850467289719
Acc_C: 1
Acc_Gamma: 0.00048828125
Prec: 0.8888888888888888
Prec_C: 0.0625
Prec_Gamma: 8
Rec: 0.7804878048780488
Rec_C: 0.5
Rec_G: 8
