F1: 0.8133704735376045
F1_C: 2
F1_Gamma: 0.25
Acc: 0.8434579439252337
Acc_C: 2
Acc_Gamma: 0.25
Prec: 0.8333333333333334
Prec_C: 0.03125
Prec_Gamma: 0.001953125
Rec: 0.9878048780487805
Rec_C: 16
Rec_G: 8
