F1: 0.7717041800643086
F1_C: 256
F1_Gamma: 0.0009765625
Acc: 0.8341121495327103
Acc_C: 32
Acc_Gamma: 0.00390625
Prec: 0.9230769230769231
Prec_C: 0.125
Prec_Gamma: 8
Rec: 0.7621951219512195
Rec_C: 0.0625
Rec_G: 0.125
