F1: 0.7697160883280757
F1_C: 16384
F1_Gamma: 0.000244140625
Acc: 0.8317757009345794
Acc_C: 32
Acc_Gamma: 0.001953125
Prec: 0.9090909090909091
Prec_C: 0.125
Prec_Gamma: 8
Rec: 0.7621951219512195
Rec_C: 0.125
Rec_G: 0.0625
