F1: 0.6300813008130081
F1_C: 512
F1_Gamma: 0.125
Acc: 0.5771028037383178
Acc_C: 32768
Acc_Gamma: 0.03125
Prec: 0.4735202492211838
Prec_C: 32768
Prec_Gamma: 0.03125
Rec: 1.0
Rec_C: 0.03125
Rec_G: 3.0517578125e-05
