F1: 0.764525993883792
F1_C: 32768
F1_Gamma: 0.0001220703125
Acc: 0.8200934579439252
Acc_C: 32768
Acc_Gamma: 0.0001220703125
Prec: 0.9090909090909091
Prec_C: 0.25
Prec_Gamma: 0.0078125
Rec: 0.7621951219512195
Rec_C: 0.03125
Rec_G: 0.125
