F1: 0.6780383795309167
F1_C: 32768
F1_Gamma: 0.0001220703125
Acc: 0.6518691588785047
Acc_C: 4096
Acc_Gamma: 0.0625
Prec: 0.5259515570934256
Prec_C: 4096
Prec_Gamma: 0.0625
Rec: 1.0
Rec_C: 0.03125
Rec_G: 3.0517578125e-05
