F1: 0.7678018575851393
F1_C: 1
F1_Gamma: 1
Acc: 0.8247663551401869
Acc_C: 1
Acc_Gamma: 1
Prec: 0.8571428571428571
Prec_C: 0.0625
Prec_Gamma: 8
Rec: 0.7621951219512195
Rec_C: 0.03125
Rec_G: 0.03125
