F1: 0.7919075144508669
F1_C: 1
F1_Gamma: 1
Acc: 0.8317757009345794
Acc_C: 1
Acc_Gamma: 1
Prec: 0.9148936170212766
Prec_C: 1
Prec_Gamma: 0.000244140625
Rec: 0.9085365853658537
Rec_C: 1
Rec_G: 8
