F1: 0.7719298245614036
F1_C: 0.25
F1_Gamma: 4
Acc: 0.822429906542056
Acc_C: 2
Acc_Gamma: 1
Prec: 0.8235294117647058
Prec_C: 0.0625
Prec_Gamma: 8
Rec: 0.8292682926829268
Rec_C: 1
Rec_G: 8
