F1: 0.7777777777777778
F1_C: 0.25
F1_Gamma: 2
Acc: 0.8247663551401869
Acc_C: 1
Acc_Gamma: 1
Prec: 1.0
Prec_C: 0.03125
Prec_Gamma: 8
Rec: 0.8902439024390244
Rec_C: 32
Rec_G: 8
