F1: 0.6642335766423357
F1_C: 256
F1_Gamma: 0.00390625
Acc: 0.7850467289719626
Acc_C: 256
Acc_Gamma: 0.00390625
Prec: 1.0
Prec_C: 0.03125
Prec_Gamma: 4
Rec: 0.5548780487804879
Rec_C: 256
Rec_G: 0.00390625
