F1: 0.78125
F1_C: 0.125
F1_Gamma: 0.0078125
Acc: 0.8387850467289719
Acc_C: 2
Acc_Gamma: 0.00048828125
Prec: 1.0
Prec_C: 0.0625
Prec_Gamma: 8
Rec: 0.7621951219512195
Rec_C: 0.03125
Rec_G: 0.03125
