F1: 0.6529774127310061
F1_C: 32768
F1_Gamma: 0.0001220703125
Acc: 0.6121495327102804
Acc_C: 512
Acc_Gamma: 0.125
Prec: 0.4967948717948718
Prec_C: 512
Prec_Gamma: 0.125
Rec: 1.0
Rec_C: 0.03125
Rec_G: 3.0517578125e-05
