F1: 0.6834532374100719
F1_C: 1024
F1_Gamma: 0.001953125
Acc: 0.794392523364486
Acc_C: 1024
Acc_Gamma: 0.001953125
Prec: 1.0
Prec_C: 0.03125
Prec_Gamma: 4
Rec: 0.5792682926829268
Rec_C: 256
Rec_G: 0.00390625
