F1: 0.7808988764044944
F1_C: 0.25
F1_Gamma: 4
Acc: 0.8247663551401869
Acc_C: 1
Acc_Gamma: 1
Prec: 1.0
Prec_C: 0.03125
Prec_Gamma: 8
Rec: 0.8963414634146342
Rec_C: 2
Rec_G: 8
