F1: 0.8054794520547945
F1_C: 2
F1_Gamma: 0.25
Acc: 0.8387850467289719
Acc_C: 0.25
Acc_Gamma: 0.25
Prec: 0.875
Prec_C: 0.03125
Prec_Gamma: 0.0009765625
Rec: 0.9878048780487805
Rec_C: 0.25
Rec_G: 8
