F1: 0.7781350482315113
F1_C: 8192
F1_Gamma: 0.000244140625
Acc: 0.8387850467289719
Acc_C: 8192
Acc_Gamma: 0.000244140625
Prec: 1.0
Prec_C: 4
Prec_Gamma: 0.0001220703125
Rec: 0.7621951219512195
Rec_C: 0.0625
Rec_G: 0.125
