F1: 0.7621951219512195
F1_C: 32768
F1_Gamma: 0.0001220703125
Acc: 0.8200934579439252
Acc_C: 32768
Acc_Gamma: 3.0517578125e-05
Prec: 0.90625
Prec_C: 4
Prec_Gamma: 0.00048828125
Rec: 0.7621951219512195
Rec_C: 0.03125
Rec_G: 0.125
