F1: 0.7707006369426751
F1_C: 0.5
F1_Gamma: 0.015625
Acc: 0.8317757009345794
Acc_C: 0.5
Acc_Gamma: 0.015625
Prec: 1.0
Prec_C: 0.125
Prec_Gamma: 8
Rec: 0.75
Rec_C: 0.5
Rec_G: 0.0625
