F1: 0.7954545454545454
F1_C: 16
F1_Gamma: 0.015625
Acc: 0.8341121495327103
Acc_C: 0.0625
Acc_Gamma: 0.00390625
Prec: 0.7894736842105263
Prec_C: 0.03125
Prec_Gamma: 0.000244140625
Rec: 0.9878048780487805
Rec_C: 0.03125
Rec_G: 8
