F1: 0.78125
F1_C: 16
F1_Gamma: 6.103515625e-05
Acc: 0.8364485981308412
Acc_C: 16
Acc_Gamma: 6.103515625e-05
Prec: 1.0
Prec_C: 0.0625
Prec_Gamma: 8
Rec: 0.7621951219512195
Rec_C: 0.03125
Rec_G: 0.03125
