F1: 0.7574750830564784
F1_C: 4
F1_Gamma: 0.00390625
Acc: 0.8294392523364486
Acc_C: 4
Acc_Gamma: 0.00390625
Prec: 1.0
Prec_C: 0.125
Prec_Gamma: 8
Rec: 0.75
Rec_C: 0.5
Rec_G: 0.0625
