F1: 0.7570977917981072
F1_C: 8192
F1_Gamma: 0.0009765625
Acc: 0.8294392523364486
Acc_C: 2
Acc_Gamma: 0.00390625
Prec: 1.0
Prec_C: 0.125
Prec_Gamma: 8
Rec: 0.75
Rec_C: 0.5
Rec_G: 0.0625
