F1: 0.7682926829268293
F1_C: 64
F1_Gamma: 0.25
Acc: 0.822429906542056
Acc_C: 0.03125
Acc_Gamma: 0.015625
Prec: 0.8571428571428571
Prec_C: 0.0625
Prec_Gamma: 8
Rec: 0.7987804878048781
Rec_C: 1
Rec_G: 8
