F1: 0.6981981981981982
F1_C: 32768
F1_Gamma: 0.0001220703125
Acc: 0.6869158878504673
Acc_C: 32768
Acc_Gamma: 0.0001220703125
Prec: 0.5539568345323741
Prec_C: 32768
Prec_Gamma: 0.001953125
Rec: 1.0
Rec_C: 0.03125
Rec_G: 3.0517578125e-05
