F1: 0.7668711656441718
F1_C: 32
F1_Gamma: 3.0517578125e-05
Acc: 0.822429906542056
Acc_C: 32
Acc_Gamma: 3.0517578125e-05
Prec: 1.0
Prec_C: 0.0625
Prec_Gamma: 8
Rec: 0.7621951219512195
Rec_C: 0.03125
Rec_G: 0.03125
