F1: 0.7662337662337662
F1_C: 0.0625
F1_Gamma: 0.015625
Acc: 0.8317757009345794
Acc_C: 0.0625
Acc_Gamma: 0.015625
Prec: 1.0
Prec_C: 0.0625
Prec_Gamma: 8
Rec: 0.7621951219512195
Rec_C: 0.03125
Rec_G: 0.0625
