F1: 0.7701863354037267
F1_C: 4096
F1_Gamma: 0.00048828125
Acc: 0.8294392523364486
Acc_C: 8
Acc_Gamma: 0.0078125
Prec: 0.9090909090909091
Prec_C: 0.125
Prec_Gamma: 8
Rec: 0.7621951219512195
Rec_C: 0.125
Rec_G: 0.0625
