F1: 0.7668711656441718
F1_C: 2
F1_Gamma: 0.0009765625
Acc: 0.822429906542056
Acc_C: 2
Acc_Gamma: 0.0009765625
Prec: 0.8461538461538461
Prec_C: 0.03125
Prec_Gamma: 0.03125
Rec: 0.7621951219512195
Rec_C: 0.03125
Rec_G: 0.0625
