F1: 0.7702265372168284
F1_C: 8
F1_Gamma: 0.0078125
Acc: 0.8341121495327103
Acc_C: 8
Acc_Gamma: 0.0078125
Prec: 0.9230769230769231
Prec_C: 0.125
Prec_Gamma: 8
Rec: 0.7621951219512195
Rec_C: 0.125
Rec_G: 0.0625
