F1: 0.746928746928747
F1_C: 32768
F1_Gamma: 6.103515625e-05
Acc: 0.7593457943925234
Acc_C: 32768
Acc_Gamma: 6.103515625e-05
Prec: 0.6255144032921811
Prec_C: 32768
Prec_Gamma: 6.103515625e-05
Rec: 1.0
Rec_C: 0.03125
Rec_G: 3.0517578125e-05
