F1: 0.7752442996742671
F1_C: 32768
F1_Gamma: 0.0001220703125
Acc: 0.8387850467289719
Acc_C: 32768
Acc_Gamma: 0.0001220703125
Prec: 1.0
Prec_C: 0.0625
Prec_Gamma: 0.0078125
Rec: 0.7621951219512195
Rec_C: 0.0625
Rec_G: 0.125
