F1: 0.6471816283924843
F1_C: 512
F1_Gamma: 0.125
Acc: 0.6074766355140186
Acc_C: 4096
Acc_Gamma: 0.0625
Prec: 0.4935483870967742
Prec_C: 4096
Prec_Gamma: 0.0625
Rec: 1.0
Rec_C: 0.03125
Rec_G: 3.0517578125e-05
