F1: 0.7741935483870969
F1_C: 0.5
F1_Gamma: 4
Acc: 0.822429906542056
Acc_C: 0.5
Acc_Gamma: 2
Prec: 0.8148148148148148
Prec_C: 0.0625
Prec_Gamma: 8
Rec: 0.8170731707317073
Rec_C: 0.5
Rec_G: 8
