F1: 0.7597402597402597
F1_C: 32
F1_Gamma: 0.0078125
Acc: 0.8271028037383178
Acc_C: 32
Acc_Gamma: 0.0078125
Prec: 1.0
Prec_C: 0.03125
Prec_Gamma: 4
Rec: 0.7195121951219512
Rec_C: 128
Rec_G: 0.00390625
