F1: 0.7235494880546075
F1_C: 512
F1_Gamma: 0.001953125
Acc: 0.8107476635514018
Acc_C: 512
Acc_Gamma: 0.001953125
Prec: 1.0
Prec_C: 0.03125
Prec_Gamma: 4
Rec: 0.6463414634146342
Rec_C: 512
Rec_G: 0.001953125
