F1: 0.7692307692307692
F1_C: 0.5
F1_Gamma: 2
Acc: 0.8247663551401869
Acc_C: 0.5
Acc_Gamma: 2
Prec: 0.875
Prec_C: 0.25
Prec_Gamma: 0.001953125
Rec: 0.7682926829268293
Rec_C: 32768
Rec_G: 0.00390625
