F1: 0.7692307692307692
F1_C: 1
F1_Gamma: 1
Acc: 0.8271028037383178
Acc_C: 16
Acc_Gamma: 3.0517578125e-05
Prec: 0.8823529411764706
Prec_C: 0.0625
Prec_Gamma: 8
Rec: 0.7804878048780488
Rec_C: 8
Rec_G: 8
