F1: 0.7797619047619048
F1_C: 128
F1_Gamma: 0.125
Acc: 0.8271028037383178
Acc_C: 128
Acc_Gamma: 0.125
Prec: 1.0
Prec_C: 0.03125
Prec_Gamma: 8
Rec: 0.8719512195121951
Rec_C: 1
Rec_G: 8
