F1: 0.7977207977207976
F1_C: 1
F1_Gamma: 0.5
Acc: 0.8341121495327103
Acc_C: 1
Acc_Gamma: 0.5
Prec: 0.8333333333333334
Prec_C: 2
Prec_Gamma: 6.103515625e-05
Rec: 0.9512195121951219
Rec_C: 0.25
Rec_G: 8
