F1: 0.7774480712166172
F1_C: 0.125
F1_Gamma: 2
Acc: 0.8247663551401869
Acc_C: 0.125
Acc_Gamma: 2
Prec: 0.7777777777777778
Prec_C: 0.03125
Prec_Gamma: 0.0078125
Rec: 0.8658536585365854
Rec_C: 1
Rec_G: 8
