F1: 0.7795527156549521
F1_C: 4
F1_Gamma: 0.0009765625
Acc: 0.8387850467289719
Acc_C: 4
Acc_Gamma: 0.0009765625
Prec: 0.8712871287128713
Prec_C: 32768
Prec_Gamma: 3.0517578125e-05
Rec: 0.7621951219512195
Rec_C: 0.0625
Rec_G: 0.125
