F1: 0.5281385281385281
F1_C: 8
F1_Gamma: 0.125
Acc: 0.7453271028037384
Acc_C: 8
Acc_Gamma: 0.125
Prec: 1.0
Prec_C: 0.03125
Prec_Gamma: 4
Rec: 0.3719512195121951
Rec_C: 8
Rec_G: 0.125
