F1: 0.7875354107648724
F1_C: 2
F1_Gamma: 1
Acc: 0.8294392523364486
Acc_C: 0.0625
Acc_Gamma: 0.00390625
Prec: 0.8947368421052632
Prec_C: 0.03125
Prec_Gamma: 8
Rec: 0.9085365853658537
Rec_C: 1
Rec_G: 8
