F1: 0.7770700636942677
F1_C: 4
F1_Gamma: 0.00048828125
Acc: 0.8364485981308412
Acc_C: 4
Acc_Gamma: 0.00048828125
Prec: 0.825
Prec_C: 0.125
Prec_Gamma: 8
Rec: 0.7621951219512195
Rec_C: 0.03125
Rec_G: 0.0625
