F1: 0.7820512820512819
F1_C: 2
F1_Gamma: 0.001953125
Acc: 0.8411214953271028
Acc_C: 2
Acc_Gamma: 0.001953125
Prec: 0.8712871287128713
Prec_C: 32768
Prec_Gamma: 3.0517578125e-05
Rec: 0.7621951219512195
Rec_C: 0.0625
Rec_G: 0.125
