F1: 0.6984126984126985
F1_C: 32768
F1_Gamma: 0.001953125
Acc: 0.6892523364485982
Acc_C: 32768
Acc_Gamma: 0.001953125
Prec: 0.555956678700361
Prec_C: 32768
Prec_Gamma: 0.001953125
Rec: 1.0
Rec_C: 0.03125
Rec_G: 3.0517578125e-05
