F1: 0.739454094292804
F1_C: 32768
F1_Gamma: 0.0009765625
Acc: 0.7546728971962616
Acc_C: 32768
Acc_Gamma: 0.00048828125
Prec: 0.62882096069869
Prec_C: 32768
Prec_Gamma: 0.00048828125
Rec: 1.0
Rec_C: 0.03125
Rec_G: 3.0517578125e-05
