F1: 0.7932011331444758
F1_C: 128
F1_Gamma: 0.00390625
Acc: 0.8294392523364486
Acc_C: 128
Acc_Gamma: 0.00390625
Prec: 0.7777777777777778
Prec_C: 0.03125
Prec_Gamma: 0.0001220703125
Rec: 0.9878048780487805
Rec_C: 0.03125
Rec_G: 8
