F1: 0.76
F1_C: 1
F1_Gamma: 0.0078125
Acc: 0.8317757009345794
Acc_C: 1
Acc_Gamma: 0.0078125
Prec: 1.0
Prec_C: 0.125
Prec_Gamma: 8
Rec: 0.75
Rec_C: 0.5
Rec_G: 0.0625
