F1: 0.7793696275071634
F1_C: 0.5
F1_Gamma: 2
Acc: 0.8247663551401869
Acc_C: 2
Acc_Gamma: 1
Prec: 1.0
Prec_C: 0.03125
Prec_Gamma: 8
Rec: 0.8963414634146342
Rec_C: 2
Rec_G: 8
