F1: 0.8022598870056497
F1_C: 1
F1_Gamma: 0.125
Acc: 0.8364485981308412
Acc_C: 0.125
Acc_Gamma: 0.125
Prec: 1.0
Prec_C: 0.03125
Prec_Gamma: 0.00048828125
Rec: 0.9878048780487805
Rec_C: 0.125
Rec_G: 8
