F1: 0.7774294670846396
F1_C: 0.5
F1_Gamma: 0.00390625
Acc: 0.8341121495327103
Acc_C: 0.5
Acc_Gamma: 0.00390625
Prec: 0.8181818181818182
Prec_C: 0.03125
Prec_Gamma: 0.03125
Rec: 0.7621951219512195
Rec_C: 0.03125
Rec_G: 0.0625
