f1: 0.8166666666666665 C: 2 , G: 0.25 ,Threshold: 0.14207103551775888 , F1: 0.8166666666666665
precision: 1.0 C: 0.03125 , G: 6.103515625e-05 ,Threshold: 0.1025512756378189 , Precision: 1.0
recall: 1.0 C: 0.03125 , G: 3.0517578125e-05 ,Threshold: 0.0 , Recall: 1.0
acc: 0.8457943925233645 C: 2 , G: 0.25 ,Threshold: 0.14207103551775888 , Accuracy: 0.8457943925233645
